Dynamical matrix file
Phonons of Si                                                              
  1    2   2  10.3614000   0.0000000   0.0000000   0.0000000   0.0000000   0.0000000
           1  'Si  '    25598.3672898282     
    1    1      0.0000000000      0.0000000000      0.0000000000
    2    1     -0.2500000000      0.2500000000      0.2500000000

     Dynamical  Matrix in cartesian axes

     q = (   -0.250000000   0.250000000  -0.250000000 ) 

    1    1
  0.25588107   0.00000000    -0.01091710  -0.00000000     0.01091710   0.00000000
 -0.01091710  -0.00000000     0.25588107   0.00000000    -0.01091710  -0.00000000
  0.01091710   0.00000000    -0.01091710  -0.00000000     0.25588107   0.00000000
    1    2
 -0.19100551   0.05521622    -0.03397144  -0.03558509     0.03397144   0.03558509
 -0.03397144  -0.03558509    -0.19100551   0.05521622    -0.03397144  -0.03558509
  0.03397144   0.03558509    -0.03397144  -0.03558509    -0.19100551   0.05521622
    2    1
 -0.19100551  -0.05521622    -0.03397144   0.03558509     0.03397144  -0.03558509
 -0.03397144   0.03558509    -0.19100551  -0.05521622    -0.03397144   0.03558509
  0.03397144  -0.03558509    -0.03397144   0.03558509    -0.19100551  -0.05521622
    2    2
  0.25588107  -0.00000000    -0.01091710   0.00000000     0.01091710  -0.00000000
 -0.01091710   0.00000000     0.25588107  -0.00000000    -0.01091710   0.00000000
  0.01091710  -0.00000000    -0.01091710   0.00000000     0.25588107  -0.00000000

     Dynamical  Matrix in cartesian axes

     q = (    0.250000000  -0.250000000  -0.250000000 ) 

    1    1
  0.25588107   0.00000000    -0.01091710  -0.00000000    -0.01091710  -0.00000000
 -0.01091710  -0.00000000     0.25588107   0.00000000     0.01091710   0.00000000
 -0.01091710  -0.00000000     0.01091710   0.00000000     0.25588107   0.00000000
    1    2
 -0.05521622  -0.19100551     0.03558509  -0.03397144     0.03558509  -0.03397144
  0.03558509  -0.03397144    -0.05521622  -0.19100551    -0.03558509   0.03397144
  0.03558509  -0.03397144    -0.03558509   0.03397144    -0.05521622  -0.19100551
    2    1
 -0.05521622   0.19100551     0.03558509   0.03397144     0.03558509   0.03397144
  0.03558509   0.03397144    -0.05521622   0.19100551    -0.03558509  -0.03397144
  0.03558509   0.03397144    -0.03558509  -0.03397144    -0.05521622   0.19100551
    2    2
  0.25588107  -0.00000000    -0.01091710   0.00000000    -0.01091710   0.00000000
 -0.01091710   0.00000000     0.25588107  -0.00000000     0.01091710  -0.00000000
 -0.01091710   0.00000000     0.01091710  -0.00000000     0.25588107  -0.00000000

     Dynamical  Matrix in cartesian axes

     q = (    0.250000000  -0.250000000   0.250000000 ) 

    1    1
  0.25588107  -0.00000000    -0.01091710   0.00000000     0.01091710  -0.00000000
 -0.01091710   0.00000000     0.25588107  -0.00000000    -0.01091710   0.00000000
  0.01091710  -0.00000000    -0.01091710   0.00000000     0.25588107  -0.00000000
    1    2
 -0.19100551  -0.05521622    -0.03397144   0.03558509     0.03397144  -0.03558509
 -0.03397144   0.03558509    -0.19100551  -0.05521622    -0.03397144   0.03558509
  0.03397144  -0.03558509    -0.03397144   0.03558509    -0.19100551  -0.05521622
    2    1
 -0.19100551   0.05521622    -0.03397144  -0.03558509     0.03397144   0.03558509
 -0.03397144  -0.03558509    -0.19100551   0.05521622    -0.03397144  -0.03558509
  0.03397144   0.03558509    -0.03397144  -0.03558509    -0.19100551   0.05521622
    2    2
  0.25588107   0.00000000    -0.01091710  -0.00000000     0.01091710   0.00000000
 -0.01091710  -0.00000000     0.25588107   0.00000000    -0.01091710  -0.00000000
  0.01091710   0.00000000    -0.01091710  -0.00000000     0.25588107   0.00000000

     Dynamical  Matrix in cartesian axes

     q = (    0.250000000   0.250000000   0.250000000 ) 

    1    1
  0.25588107   0.00000000     0.01091710   0.00000000     0.01091710   0.00000000
  0.01091710   0.00000000     0.25588107   0.00000000     0.01091710   0.00000000
  0.01091710   0.00000000     0.01091710   0.00000000     0.25588107   0.00000000
    1    2
 -0.19100551   0.05521622     0.03397144   0.03558509     0.03397144   0.03558509
  0.03397144   0.03558509    -0.19100551   0.05521622     0.03397144   0.03558509
  0.03397144   0.03558509     0.03397144   0.03558509    -0.19100551   0.05521622
    2    1
 -0.19100551  -0.05521622     0.03397144  -0.03558509     0.03397144  -0.03558509
  0.03397144  -0.03558509    -0.19100551  -0.05521622     0.03397144  -0.03558509
  0.03397144  -0.03558509     0.03397144  -0.03558509    -0.19100551  -0.05521622
    2    2
  0.25588107  -0.00000000     0.01091710  -0.00000000     0.01091710  -0.00000000
  0.01091710  -0.00000000     0.25588107  -0.00000000     0.01091710  -0.00000000
  0.01091710  -0.00000000     0.01091710  -0.00000000     0.25588107  -0.00000000

     Dynamical  Matrix in cartesian axes

     q = (   -0.250000000  -0.250000000  -0.250000000 ) 

    1    1
  0.25588107  -0.00000000     0.01091710  -0.00000000     0.01091710  -0.00000000
  0.01091710  -0.00000000     0.25588107  -0.00000000     0.01091710  -0.00000000
  0.01091710  -0.00000000     0.01091710  -0.00000000     0.25588107  -0.00000000
    1    2
 -0.19100551  -0.05521622     0.03397144  -0.03558509     0.03397144  -0.03558509
  0.03397144  -0.03558509    -0.19100551  -0.05521622     0.03397144  -0.03558509
  0.03397144  -0.03558509     0.03397144  -0.03558509    -0.19100551  -0.05521622
    2    1
 -0.19100551   0.05521622     0.03397144   0.03558509     0.03397144   0.03558509
  0.03397144   0.03558509    -0.19100551   0.05521622     0.03397144   0.03558509
  0.03397144   0.03558509     0.03397144   0.03558509    -0.19100551   0.05521622
    2    2
  0.25588107   0.00000000     0.01091710   0.00000000     0.01091710   0.00000000
  0.01091710   0.00000000     0.25588107   0.00000000     0.01091710   0.00000000
  0.01091710   0.00000000     0.01091710   0.00000000     0.25588107   0.00000000

     Dynamical  Matrix in cartesian axes

     q = (   -0.250000000  -0.250000000   0.250000000 ) 

    1    1
  0.25588107   0.00000000     0.01091710   0.00000000    -0.01091710  -0.00000000
  0.01091710   0.00000000     0.25588107   0.00000000    -0.01091710  -0.00000000
 -0.01091710  -0.00000000    -0.01091710  -0.00000000     0.25588107   0.00000000
    1    2
 -0.19100551   0.05521622     0.03397144   0.03558509    -0.03397144  -0.03558509
  0.03397144   0.03558509    -0.19100551   0.05521622    -0.03397144  -0.03558509
 -0.03397144  -0.03558509    -0.03397144  -0.03558509    -0.19100551   0.05521622
    2    1
 -0.19100551  -0.05521622     0.03397144  -0.03558509    -0.03397144   0.03558509
  0.03397144  -0.03558509    -0.19100551  -0.05521622    -0.03397144   0.03558509
 -0.03397144   0.03558509    -0.03397144   0.03558509    -0.19100551  -0.05521622
    2    2
  0.25588107  -0.00000000     0.01091710  -0.00000000    -0.01091710   0.00000000
  0.01091710  -0.00000000     0.25588107  -0.00000000    -0.01091710   0.00000000
 -0.01091710   0.00000000    -0.01091710   0.00000000     0.25588107  -0.00000000

     Dynamical  Matrix in cartesian axes

     q = (   -0.250000000   0.250000000   0.250000000 ) 

    1    1
  0.25588107  -0.00000000    -0.01091710   0.00000000    -0.01091710   0.00000000
 -0.01091710   0.00000000     0.25588107  -0.00000000     0.01091710  -0.00000000
 -0.01091710   0.00000000     0.01091710  -0.00000000     0.25588107  -0.00000000
    1    2
 -0.05521622   0.19100551     0.03558509   0.03397144     0.03558509   0.03397144
  0.03558509   0.03397144    -0.05521622   0.19100551    -0.03558509  -0.03397144
  0.03558509   0.03397144    -0.03558509  -0.03397144    -0.05521622   0.19100551
    2    1
 -0.05521622  -0.19100551     0.03558509  -0.03397144     0.03558509  -0.03397144
  0.03558509  -0.03397144    -0.05521622  -0.19100551    -0.03558509   0.03397144
  0.03558509  -0.03397144    -0.03558509   0.03397144    -0.05521622  -0.19100551
    2    2
  0.25588107   0.00000000    -0.01091710  -0.00000000    -0.01091710  -0.00000000
 -0.01091710  -0.00000000     0.25588107   0.00000000     0.01091710   0.00000000
 -0.01091710  -0.00000000     0.01091710   0.00000000     0.25588107   0.00000000

     Dynamical  Matrix in cartesian axes

     q = (    0.250000000   0.250000000  -0.250000000 ) 

    1    1
  0.25588107  -0.00000000     0.01091710  -0.00000000    -0.01091710   0.00000000
  0.01091710  -0.00000000     0.25588107  -0.00000000    -0.01091710   0.00000000
 -0.01091710   0.00000000    -0.01091710   0.00000000     0.25588107  -0.00000000
    1    2
 -0.19100551  -0.05521622     0.03397144  -0.03558509    -0.03397144   0.03558509
  0.03397144  -0.03558509    -0.19100551  -0.05521622    -0.03397144   0.03558509
 -0.03397144   0.03558509    -0.03397144   0.03558509    -0.19100551  -0.05521622
    2    1
 -0.19100551   0.05521622     0.03397144   0.03558509    -0.03397144  -0.03558509
  0.03397144   0.03558509    -0.19100551   0.05521622    -0.03397144  -0.03558509
 -0.03397144  -0.03558509    -0.03397144  -0.03558509    -0.19100551   0.05521622
    2    2
  0.25588107   0.00000000     0.01091710   0.00000000    -0.01091710  -0.00000000
  0.01091710   0.00000000     0.25588107   0.00000000    -0.01091710  -0.00000000
 -0.01091710  -0.00000000    -0.01091710  -0.00000000     0.25588107   0.00000000

     Diagonalizing the dynamical matrix

     q = (   -0.250000000   0.250000000  -0.250000000 ) 

 **************************************************************************
     freq (    1) =       2.844139 [THz] =      94.870259 [cm-1]
 (  0.310745 -0.029583 -0.263761  0.020548 -0.574506  0.050130 ) 
 (  0.312141 -0.002458 -0.264549 -0.002458 -0.576689  0.000000 ) 
     freq (    2) =       2.844139 [THz] =      94.870259 [cm-1]
 ( -0.476683  0.093107 -0.504202  0.095508 -0.027519  0.002401 ) 
 ( -0.482972  0.051317 -0.510596  0.051317 -0.027623  0.000000 ) 
     freq (    3) =       6.544861 [THz] =     218.313078 [cm-1]
 ( -0.284803  0.292496  0.284803 -0.292496 -0.284803  0.292496 ) 
 ( -0.408248  0.000000  0.408248 -0.000000 -0.408248  0.000000 ) 
     freq (    4) =      13.856491 [THz] =     462.202801 [cm-1]
 ( -0.284803  0.292496  0.284803 -0.292496 -0.284803  0.292496 ) 
 (  0.408248 -0.000000 -0.408248 -0.000000  0.408248  0.000000 ) 
     freq (    5) =      14.108641 [THz] =     470.613603 [cm-1]
 (  0.106099  0.047040 -0.431652  0.093963 -0.537751  0.046923 ) 
 ( -0.101609 -0.056085  0.438186 -0.056085  0.539794  0.000000 ) 
     freq (    6) =      14.108641 [THz] =     470.613603 [cm-1]
 ( -0.530996  0.194698 -0.326941  0.176892  0.204055 -0.017805 ) 
 (  0.545910 -0.147802  0.341080 -0.147802 -0.204830  0.000000 ) 
 **************************************************************************
