Dynamical matrix file
Phonons of Si                                                              
  1    2   2  10.3614000   0.0000000   0.0000000   0.0000000   0.0000000   0.0000000
           1  'Si  '    25598.3672898282     
    1    1      0.0000000000      0.0000000000      0.0000000000
    2    1     -0.2500000000      0.2500000000      0.2500000000

     Dynamical  Matrix in cartesian axes

     q = (    0.750000000  -0.250000000   0.750000000 ) 

    1    1
  0.23115867   0.00000000    -0.00564532  -0.00773486     0.00531176   0.00000000
 -0.00564532   0.00773486     0.28072341   0.00000000    -0.00564532   0.00773486
  0.00531176   0.00000000    -0.00564532  -0.00773486     0.23115867   0.00000000
    1    2
 -0.05819915   0.05714296    -0.03931118   0.03706427     0.12324196   0.03739083
 -0.03931118   0.03706427    -0.07723146   0.05557261    -0.03931118   0.03706427
  0.12324196   0.03739083    -0.03931118   0.03706427    -0.05819915   0.05714296
    2    1
 -0.05819915  -0.05714296    -0.03931118  -0.03706427     0.12324196  -0.03739083
 -0.03931118  -0.03706427    -0.07723146  -0.05557261    -0.03931118  -0.03706427
  0.12324196  -0.03739083    -0.03931118  -0.03706427    -0.05819915  -0.05714296
    2    2
  0.23115867   0.00000000    -0.00564532   0.00773486     0.00531176   0.00000000
 -0.00564532  -0.00773486     0.28072341   0.00000000    -0.00564532  -0.00773486
  0.00531176   0.00000000    -0.00564532   0.00773486     0.23115867   0.00000000

     Dynamical  Matrix in cartesian axes

     q = (    0.750000000  -0.250000000  -0.750000000 ) 

    1    1
  0.23115867   0.00000000    -0.00564532   0.00773486    -0.00531176   0.00000000
 -0.00564532  -0.00773486     0.28072341   0.00000000     0.00564532   0.00773486
 -0.00531176   0.00000000     0.00564532  -0.00773486     0.23115867   0.00000000
    1    2
  0.05819915   0.05714296     0.03931118   0.03706427     0.12324196  -0.03739083
  0.03931118   0.03706427     0.07723146   0.05557261    -0.03931118  -0.03706427
  0.12324196  -0.03739083    -0.03931118  -0.03706427     0.05819915   0.05714296
    2    1
  0.05819915  -0.05714296     0.03931118  -0.03706427     0.12324196   0.03739083
  0.03931118  -0.03706427     0.07723146  -0.05557261    -0.03931118   0.03706427
  0.12324196   0.03739083    -0.03931118   0.03706427     0.05819915  -0.05714296
    2    2
  0.23115867   0.00000000    -0.00564532  -0.00773486    -0.00531176   0.00000000
 -0.00564532   0.00773486     0.28072341   0.00000000     0.00564532  -0.00773486
 -0.00531176   0.00000000     0.00564532   0.00773486     0.23115867   0.00000000

     Dynamical  Matrix in cartesian axes

     q = (   -0.750000000  -0.250000000  -0.750000000 ) 

    1    1
  0.23115867   0.00000000     0.00564532   0.00773486     0.00531176   0.00000000
  0.00564532  -0.00773486     0.28072341   0.00000000     0.00564532  -0.00773486
  0.00531176   0.00000000     0.00564532   0.00773486     0.23115867   0.00000000
    1    2
 -0.05819915   0.05714296     0.03931118  -0.03706427     0.12324196   0.03739083
  0.03931118  -0.03706427    -0.07723146   0.05557261     0.03931118  -0.03706427
  0.12324196   0.03739083     0.03931118  -0.03706427    -0.05819915   0.05714296
    2    1
 -0.05819915  -0.05714296     0.03931118   0.03706427     0.12324196  -0.03739083
  0.03931118   0.03706427    -0.07723146  -0.05557261     0.03931118   0.03706427
  0.12324196  -0.03739083     0.03931118   0.03706427    -0.05819915  -0.05714296
    2    2
  0.23115867   0.00000000     0.00564532  -0.00773486     0.00531176   0.00000000
  0.00564532   0.00773486     0.28072341   0.00000000     0.00564532   0.00773486
  0.00531176   0.00000000     0.00564532  -0.00773486     0.23115867   0.00000000

     Dynamical  Matrix in cartesian axes

     q = (   -0.750000000  -0.250000000   0.750000000 ) 

    1    1
  0.23115867   0.00000000     0.00564532  -0.00773486    -0.00531176   0.00000000
  0.00564532   0.00773486     0.28072341   0.00000000    -0.00564532  -0.00773486
 -0.00531176   0.00000000    -0.00564532   0.00773486     0.23115867   0.00000000
    1    2
 -0.05714296   0.05819915     0.03706427  -0.03931118     0.03739083   0.12324196
  0.03706427  -0.03931118    -0.05557261   0.07723146    -0.03706427   0.03931118
  0.03739083   0.12324196    -0.03706427   0.03931118    -0.05714296   0.05819915
    2    1
 -0.05714296  -0.05819915     0.03706427   0.03931118     0.03739083  -0.12324196
  0.03706427   0.03931118    -0.05557261  -0.07723146    -0.03706427  -0.03931118
  0.03739083  -0.12324196    -0.03706427  -0.03931118    -0.05714296  -0.05819915
    2    2
  0.23115867   0.00000000     0.00564532   0.00773486    -0.00531176   0.00000000
  0.00564532  -0.00773486     0.28072341   0.00000000    -0.00564532   0.00773486
 -0.00531176   0.00000000    -0.00564532  -0.00773486     0.23115867   0.00000000

     Dynamical  Matrix in cartesian axes

     q = (   -0.750000000   0.250000000  -0.750000000 ) 

    1    1
  0.23115867   0.00000000    -0.00564532   0.00773486     0.00531176   0.00000000
 -0.00564532  -0.00773486     0.28072341   0.00000000    -0.00564532  -0.00773486
  0.00531176   0.00000000    -0.00564532   0.00773486     0.23115867   0.00000000
    1    2
 -0.05819915  -0.05714296    -0.03931118  -0.03706427     0.12324196  -0.03739083
 -0.03931118  -0.03706427    -0.07723146  -0.05557261    -0.03931118  -0.03706427
  0.12324196  -0.03739083    -0.03931118  -0.03706427    -0.05819915  -0.05714296
    2    1
 -0.05819915   0.05714296    -0.03931118   0.03706427     0.12324196   0.03739083
 -0.03931118   0.03706427    -0.07723146   0.05557261    -0.03931118   0.03706427
  0.12324196   0.03739083    -0.03931118   0.03706427    -0.05819915   0.05714296
    2    2
  0.23115867   0.00000000    -0.00564532  -0.00773486     0.00531176   0.00000000
 -0.00564532   0.00773486     0.28072341   0.00000000    -0.00564532   0.00773486
  0.00531176   0.00000000    -0.00564532  -0.00773486     0.23115867   0.00000000

     Dynamical  Matrix in cartesian axes

     q = (   -0.250000000   0.750000000  -0.750000000 ) 

    1    1
  0.28072341   0.00000000    -0.00564532  -0.00773486     0.00564532   0.00773486
 -0.00564532   0.00773486     0.23115867   0.00000000    -0.00531176   0.00000000
  0.00564532  -0.00773486    -0.00531176   0.00000000     0.23115867   0.00000000
    1    2
 -0.07723146  -0.05557261    -0.03931118  -0.03706427     0.03931118   0.03706427
 -0.03931118  -0.03706427    -0.05819915  -0.05714296    -0.12324196   0.03739083
  0.03931118   0.03706427    -0.12324196   0.03739083    -0.05819915  -0.05714296
    2    1
 -0.07723146   0.05557261    -0.03931118   0.03706427     0.03931118  -0.03706427
 -0.03931118   0.03706427    -0.05819915   0.05714296    -0.12324196  -0.03739083
  0.03931118  -0.03706427    -0.12324196  -0.03739083    -0.05819915   0.05714296
    2    2
  0.28072341   0.00000000    -0.00564532   0.00773486     0.00564532  -0.00773486
 -0.00564532  -0.00773486     0.23115867   0.00000000    -0.00531176   0.00000000
  0.00564532   0.00773486    -0.00531176   0.00000000     0.23115867   0.00000000

     Dynamical  Matrix in cartesian axes

     q = (   -0.750000000   0.750000000  -0.250000000 ) 

    1    1
  0.23115867   0.00000000    -0.00531176   0.00000000     0.00564532  -0.00773486
 -0.00531176   0.00000000     0.23115867   0.00000000    -0.00564532   0.00773486
  0.00564532   0.00773486    -0.00564532  -0.00773486     0.28072341   0.00000000
    1    2
 -0.05714296   0.05819915     0.03739083   0.12324196     0.03706427  -0.03931118
  0.03739083   0.12324196    -0.05714296   0.05819915    -0.03706427   0.03931118
  0.03706427  -0.03931118    -0.03706427   0.03931118    -0.05557261   0.07723146
    2    1
 -0.05714296  -0.05819915     0.03739083  -0.12324196     0.03706427   0.03931118
  0.03739083  -0.12324196    -0.05714296  -0.05819915    -0.03706427  -0.03931118
  0.03706427   0.03931118    -0.03706427  -0.03931118    -0.05557261  -0.07723146
    2    2
  0.23115867   0.00000000    -0.00531176   0.00000000     0.00564532   0.00773486
 -0.00531176   0.00000000     0.23115867   0.00000000    -0.00564532  -0.00773486
  0.00564532  -0.00773486    -0.00564532   0.00773486     0.28072341   0.00000000

     Dynamical  Matrix in cartesian axes

     q = (    0.750000000   0.250000000   0.750000000 ) 

    1    1
  0.23115867   0.00000000     0.00564532  -0.00773486     0.00531176   0.00000000
  0.00564532   0.00773486     0.28072341   0.00000000     0.00564532   0.00773486
  0.00531176   0.00000000     0.00564532  -0.00773486     0.23115867   0.00000000
    1    2
 -0.05819915  -0.05714296     0.03931118   0.03706427     0.12324196  -0.03739083
  0.03931118   0.03706427    -0.07723146  -0.05557261     0.03931118   0.03706427
  0.12324196  -0.03739083     0.03931118   0.03706427    -0.05819915  -0.05714296
    2    1
 -0.05819915   0.05714296     0.03931118  -0.03706427     0.12324196   0.03739083
  0.03931118  -0.03706427    -0.07723146   0.05557261     0.03931118  -0.03706427
  0.12324196   0.03739083     0.03931118  -0.03706427    -0.05819915   0.05714296
    2    2
  0.23115867   0.00000000     0.00564532   0.00773486     0.00531176   0.00000000
  0.00564532  -0.00773486     0.28072341   0.00000000     0.00564532  -0.00773486
  0.00531176   0.00000000     0.00564532   0.00773486     0.23115867   0.00000000

     Dynamical  Matrix in cartesian axes

     q = (   -0.750000000   0.250000000   0.750000000 ) 

    1    1
  0.23115867   0.00000000    -0.00564532  -0.00773486    -0.00531176   0.00000000
 -0.00564532   0.00773486     0.28072341   0.00000000     0.00564532  -0.00773486
 -0.00531176   0.00000000     0.00564532   0.00773486     0.23115867   0.00000000
    1    2
  0.05819915  -0.05714296     0.03931118  -0.03706427     0.12324196   0.03739083
  0.03931118  -0.03706427     0.07723146  -0.05557261    -0.03931118   0.03706427
  0.12324196   0.03739083    -0.03931118   0.03706427     0.05819915  -0.05714296
    2    1
  0.05819915   0.05714296     0.03931118   0.03706427     0.12324196  -0.03739083
  0.03931118   0.03706427     0.07723146   0.05557261    -0.03931118  -0.03706427
  0.12324196  -0.03739083    -0.03931118  -0.03706427     0.05819915   0.05714296
    2    2
  0.23115867   0.00000000    -0.00564532   0.00773486    -0.00531176   0.00000000
 -0.00564532  -0.00773486     0.28072341   0.00000000     0.00564532   0.00773486
 -0.00531176   0.00000000     0.00564532  -0.00773486     0.23115867   0.00000000

     Dynamical  Matrix in cartesian axes

     q = (    0.750000000   0.250000000  -0.750000000 ) 

    1    1
  0.23115867   0.00000000     0.00564532   0.00773486    -0.00531176   0.00000000
  0.00564532  -0.00773486     0.28072341   0.00000000    -0.00564532   0.00773486
 -0.00531176   0.00000000    -0.00564532  -0.00773486     0.23115867   0.00000000
    1    2
 -0.05714296  -0.05819915     0.03706427   0.03931118     0.03739083  -0.12324196
  0.03706427   0.03931118    -0.05557261  -0.07723146    -0.03706427  -0.03931118
  0.03739083  -0.12324196    -0.03706427  -0.03931118    -0.05714296  -0.05819915
    2    1
 -0.05714296   0.05819915     0.03706427  -0.03931118     0.03739083   0.12324196
  0.03706427  -0.03931118    -0.05557261   0.07723146    -0.03706427   0.03931118
  0.03739083   0.12324196    -0.03706427   0.03931118    -0.05714296   0.05819915
    2    2
  0.23115867   0.00000000     0.00564532  -0.00773486    -0.00531176   0.00000000
  0.00564532   0.00773486     0.28072341   0.00000000    -0.00564532  -0.00773486
 -0.00531176   0.00000000    -0.00564532   0.00773486     0.23115867   0.00000000

     Dynamical  Matrix in cartesian axes

     q = (   -0.750000000   0.750000000   0.250000000 ) 

    1    1
  0.23115867   0.00000000    -0.00531176   0.00000000    -0.00564532  -0.00773486
 -0.00531176   0.00000000     0.23115867   0.00000000     0.00564532   0.00773486
 -0.00564532   0.00773486     0.00564532  -0.00773486     0.28072341   0.00000000
    1    2
  0.05819915  -0.05714296     0.12324196   0.03739083     0.03931118  -0.03706427
  0.12324196   0.03739083     0.05819915  -0.05714296    -0.03931118   0.03706427
  0.03931118  -0.03706427    -0.03931118   0.03706427     0.07723146  -0.05557261
    2    1
  0.05819915   0.05714296     0.12324196  -0.03739083     0.03931118   0.03706427
  0.12324196  -0.03739083     0.05819915   0.05714296    -0.03931118  -0.03706427
  0.03931118   0.03706427    -0.03931118  -0.03706427     0.07723146   0.05557261
    2    2
  0.23115867   0.00000000    -0.00531176   0.00000000    -0.00564532   0.00773486
 -0.00531176   0.00000000     0.23115867   0.00000000     0.00564532  -0.00773486
 -0.00564532  -0.00773486     0.00564532   0.00773486     0.28072341   0.00000000

     Dynamical  Matrix in cartesian axes

     q = (   -0.250000000   0.750000000   0.750000000 ) 

    1    1
  0.28072341   0.00000000    -0.00564532   0.00773486    -0.00564532   0.00773486
 -0.00564532  -0.00773486     0.23115867   0.00000000     0.00531176   0.00000000
 -0.00564532  -0.00773486     0.00531176   0.00000000     0.23115867   0.00000000
    1    2
  0.07723146  -0.05557261     0.03931118  -0.03706427     0.03931118  -0.03706427
  0.03931118  -0.03706427     0.05819915  -0.05714296    -0.12324196  -0.03739083
  0.03931118  -0.03706427    -0.12324196  -0.03739083     0.05819915  -0.05714296
    2    1
  0.07723146   0.05557261     0.03931118   0.03706427     0.03931118   0.03706427
  0.03931118   0.03706427     0.05819915   0.05714296    -0.12324196   0.03739083
  0.03931118   0.03706427    -0.12324196   0.03739083     0.05819915   0.05714296
    2    2
  0.28072341   0.00000000    -0.00564532  -0.00773486    -0.00564532  -0.00773486
 -0.00564532   0.00773486     0.23115867   0.00000000     0.00531176   0.00000000
 -0.00564532   0.00773486     0.00531176   0.00000000     0.23115867   0.00000000

     Dynamical  Matrix in cartesian axes

     q = (    0.250000000   0.750000000  -0.750000000 ) 

    1    1
  0.28072341   0.00000000     0.00564532  -0.00773486    -0.00564532   0.00773486
  0.00564532   0.00773486     0.23115867   0.00000000    -0.00531176   0.00000000
 -0.00564532  -0.00773486    -0.00531176   0.00000000     0.23115867   0.00000000
    1    2
 -0.07723146   0.05557261     0.03931118  -0.03706427    -0.03931118   0.03706427
  0.03931118  -0.03706427    -0.05819915   0.05714296    -0.12324196  -0.03739083
 -0.03931118   0.03706427    -0.12324196  -0.03739083    -0.05819915   0.05714296
    2    1
 -0.07723146  -0.05557261     0.03931118   0.03706427    -0.03931118  -0.03706427
  0.03931118   0.03706427    -0.05819915  -0.05714296    -0.12324196   0.03739083
 -0.03931118  -0.03706427    -0.12324196   0.03739083    -0.05819915  -0.05714296
    2    2
  0.28072341   0.00000000     0.00564532   0.00773486    -0.00564532  -0.00773486
  0.00564532  -0.00773486     0.23115867   0.00000000    -0.00531176   0.00000000
 -0.00564532   0.00773486    -0.00531176   0.00000000     0.23115867   0.00000000

     Dynamical  Matrix in cartesian axes

     q = (   -0.250000000  -0.750000000  -0.750000000 ) 

    1    1
  0.28072341   0.00000000     0.00564532  -0.00773486     0.00564532  -0.00773486
  0.00564532   0.00773486     0.23115867   0.00000000     0.00531176   0.00000000
  0.00564532   0.00773486     0.00531176   0.00000000     0.23115867   0.00000000
    1    2
 -0.05557261  -0.07723146     0.03706427   0.03931118     0.03706427   0.03931118
  0.03706427   0.03931118    -0.05714296  -0.05819915    -0.03739083   0.12324196
  0.03706427   0.03931118    -0.03739083   0.12324196    -0.05714296  -0.05819915
    2    1
 -0.05557261   0.07723146     0.03706427  -0.03931118     0.03706427  -0.03931118
  0.03706427  -0.03931118    -0.05714296   0.05819915    -0.03739083  -0.12324196
  0.03706427  -0.03931118    -0.03739083  -0.12324196    -0.05714296   0.05819915
    2    2
  0.28072341   0.00000000     0.00564532   0.00773486     0.00564532   0.00773486
  0.00564532  -0.00773486     0.23115867   0.00000000     0.00531176   0.00000000
  0.00564532  -0.00773486     0.00531176   0.00000000     0.23115867   0.00000000

     Dynamical  Matrix in cartesian axes

     q = (    0.750000000   0.750000000  -0.250000000 ) 

    1    1
  0.23115867   0.00000000     0.00531176   0.00000000    -0.00564532  -0.00773486
  0.00531176   0.00000000     0.23115867   0.00000000    -0.00564532  -0.00773486
 -0.00564532   0.00773486    -0.00564532   0.00773486     0.28072341   0.00000000
    1    2
 -0.05819915   0.05714296     0.12324196   0.03739083    -0.03931118   0.03706427
  0.12324196   0.03739083    -0.05819915   0.05714296    -0.03931118   0.03706427
 -0.03931118   0.03706427    -0.03931118   0.03706427    -0.07723146   0.05557261
    2    1
 -0.05819915  -0.05714296     0.12324196  -0.03739083    -0.03931118  -0.03706427
  0.12324196  -0.03739083    -0.05819915  -0.05714296    -0.03931118  -0.03706427
 -0.03931118  -0.03706427    -0.03931118  -0.03706427    -0.07723146  -0.05557261
    2    2
  0.23115867   0.00000000     0.00531176   0.00000000    -0.00564532   0.00773486
  0.00531176   0.00000000     0.23115867   0.00000000    -0.00564532   0.00773486
 -0.00564532  -0.00773486    -0.00564532  -0.00773486     0.28072341   0.00000000

     Dynamical  Matrix in cartesian axes

     q = (    0.750000000  -0.750000000   0.250000000 ) 

    1    1
  0.23115867   0.00000000    -0.00531176   0.00000000     0.00564532   0.00773486
 -0.00531176   0.00000000     0.23115867   0.00000000    -0.00564532  -0.00773486
  0.00564532  -0.00773486    -0.00564532   0.00773486     0.28072341   0.00000000
    1    2
 -0.05714296  -0.05819915     0.03739083  -0.12324196     0.03706427   0.03931118
  0.03739083  -0.12324196    -0.05714296  -0.05819915    -0.03706427  -0.03931118
  0.03706427   0.03931118    -0.03706427  -0.03931118    -0.05557261  -0.07723146
    2    1
 -0.05714296   0.05819915     0.03739083   0.12324196     0.03706427  -0.03931118
  0.03739083   0.12324196    -0.05714296   0.05819915    -0.03706427   0.03931118
  0.03706427  -0.03931118    -0.03706427   0.03931118    -0.05557261   0.07723146
    2    2
  0.23115867   0.00000000    -0.00531176   0.00000000     0.00564532  -0.00773486
 -0.00531176   0.00000000     0.23115867   0.00000000    -0.00564532   0.00773486
  0.00564532   0.00773486    -0.00564532  -0.00773486     0.28072341   0.00000000

     Dynamical  Matrix in cartesian axes

     q = (   -0.750000000  -0.750000000  -0.250000000 ) 

    1    1
  0.23115867   0.00000000     0.00531176   0.00000000     0.00564532   0.00773486
  0.00531176   0.00000000     0.23115867   0.00000000     0.00564532   0.00773486
  0.00564532  -0.00773486     0.00564532  -0.00773486     0.28072341   0.00000000
    1    2
 -0.05819915   0.05714296     0.12324196   0.03739083     0.03931118  -0.03706427
  0.12324196   0.03739083    -0.05819915   0.05714296     0.03931118  -0.03706427
  0.03931118  -0.03706427     0.03931118  -0.03706427    -0.07723146   0.05557261
    2    1
 -0.05819915  -0.05714296     0.12324196  -0.03739083     0.03931118   0.03706427
  0.12324196  -0.03739083    -0.05819915  -0.05714296     0.03931118   0.03706427
  0.03931118   0.03706427     0.03931118   0.03706427    -0.07723146  -0.05557261
    2    2
  0.23115867   0.00000000     0.00531176   0.00000000     0.00564532  -0.00773486
  0.00531176   0.00000000     0.23115867   0.00000000     0.00564532  -0.00773486
  0.00564532   0.00773486     0.00564532   0.00773486     0.28072341   0.00000000

     Dynamical  Matrix in cartesian axes

     q = (    0.250000000  -0.750000000   0.750000000 ) 

    1    1
  0.28072341   0.00000000    -0.00564532   0.00773486     0.00564532  -0.00773486
 -0.00564532  -0.00773486     0.23115867   0.00000000    -0.00531176   0.00000000
  0.00564532   0.00773486    -0.00531176   0.00000000     0.23115867   0.00000000
    1    2
 -0.07723146   0.05557261    -0.03931118   0.03706427     0.03931118  -0.03706427
 -0.03931118   0.03706427    -0.05819915   0.05714296    -0.12324196  -0.03739083
  0.03931118  -0.03706427    -0.12324196  -0.03739083    -0.05819915   0.05714296
    2    1
 -0.07723146  -0.05557261    -0.03931118  -0.03706427     0.03931118   0.03706427
 -0.03931118  -0.03706427    -0.05819915  -0.05714296    -0.12324196   0.03739083
  0.03931118   0.03706427    -0.12324196   0.03739083    -0.05819915  -0.05714296
    2    2
  0.28072341   0.00000000    -0.00564532  -0.00773486     0.00564532   0.00773486
 -0.00564532   0.00773486     0.23115867   0.00000000    -0.00531176   0.00000000
  0.00564532  -0.00773486    -0.00531176   0.00000000     0.23115867   0.00000000

     Dynamical  Matrix in cartesian axes

     q = (   -0.750000000  -0.750000000   0.250000000 ) 

    1    1
  0.23115867   0.00000000     0.00531176   0.00000000    -0.00564532   0.00773486
  0.00531176   0.00000000     0.23115867   0.00000000    -0.00564532   0.00773486
 -0.00564532  -0.00773486    -0.00564532  -0.00773486     0.28072341   0.00000000
    1    2
 -0.05819915  -0.05714296     0.12324196  -0.03739083    -0.03931118  -0.03706427
  0.12324196  -0.03739083    -0.05819915  -0.05714296    -0.03931118  -0.03706427
 -0.03931118  -0.03706427    -0.03931118  -0.03706427    -0.07723146  -0.05557261
    2    1
 -0.05819915   0.05714296     0.12324196   0.03739083    -0.03931118   0.03706427
  0.12324196   0.03739083    -0.05819915   0.05714296    -0.03931118   0.03706427
 -0.03931118   0.03706427    -0.03931118   0.03706427    -0.07723146   0.05557261
    2    2
  0.23115867   0.00000000     0.00531176   0.00000000    -0.00564532  -0.00773486
  0.00531176   0.00000000     0.23115867   0.00000000    -0.00564532  -0.00773486
 -0.00564532   0.00773486    -0.00564532   0.00773486     0.28072341   0.00000000

     Dynamical  Matrix in cartesian axes

     q = (    0.250000000   0.750000000   0.750000000 ) 

    1    1
  0.28072341   0.00000000     0.00564532   0.00773486     0.00564532   0.00773486
  0.00564532  -0.00773486     0.23115867   0.00000000     0.00531176   0.00000000
  0.00564532  -0.00773486     0.00531176   0.00000000     0.23115867   0.00000000
    1    2
 -0.05557261   0.07723146     0.03706427  -0.03931118     0.03706427  -0.03931118
  0.03706427  -0.03931118    -0.05714296   0.05819915    -0.03739083  -0.12324196
  0.03706427  -0.03931118    -0.03739083  -0.12324196    -0.05714296   0.05819915
    2    1
 -0.05557261  -0.07723146     0.03706427   0.03931118     0.03706427   0.03931118
  0.03706427   0.03931118    -0.05714296  -0.05819915    -0.03739083   0.12324196
  0.03706427   0.03931118    -0.03739083   0.12324196    -0.05714296  -0.05819915
    2    2
  0.28072341   0.00000000     0.00564532  -0.00773486     0.00564532  -0.00773486
  0.00564532   0.00773486     0.23115867   0.00000000     0.00531176   0.00000000
  0.00564532   0.00773486     0.00531176   0.00000000     0.23115867   0.00000000

     Dynamical  Matrix in cartesian axes

     q = (   -0.250000000  -0.750000000   0.750000000 ) 

    1    1
  0.28072341   0.00000000     0.00564532   0.00773486    -0.00564532  -0.00773486
  0.00564532  -0.00773486     0.23115867   0.00000000    -0.00531176   0.00000000
 -0.00564532   0.00773486    -0.00531176   0.00000000     0.23115867   0.00000000
    1    2
 -0.07723146  -0.05557261     0.03931118   0.03706427    -0.03931118  -0.03706427
  0.03931118   0.03706427    -0.05819915  -0.05714296    -0.12324196   0.03739083
 -0.03931118  -0.03706427    -0.12324196   0.03739083    -0.05819915  -0.05714296
    2    1
 -0.07723146   0.05557261     0.03931118  -0.03706427    -0.03931118   0.03706427
  0.03931118  -0.03706427    -0.05819915   0.05714296    -0.12324196  -0.03739083
 -0.03931118   0.03706427    -0.12324196  -0.03739083    -0.05819915   0.05714296
    2    2
  0.28072341   0.00000000     0.00564532  -0.00773486    -0.00564532   0.00773486
  0.00564532   0.00773486     0.23115867   0.00000000    -0.00531176   0.00000000
 -0.00564532  -0.00773486    -0.00531176   0.00000000     0.23115867   0.00000000

     Dynamical  Matrix in cartesian axes

     q = (    0.750000000   0.750000000   0.250000000 ) 

    1    1
  0.23115867   0.00000000     0.00531176   0.00000000     0.00564532  -0.00773486
  0.00531176   0.00000000     0.23115867   0.00000000     0.00564532  -0.00773486
  0.00564532   0.00773486     0.00564532   0.00773486     0.28072341   0.00000000
    1    2
 -0.05819915  -0.05714296     0.12324196  -0.03739083     0.03931118   0.03706427
  0.12324196  -0.03739083    -0.05819915  -0.05714296     0.03931118   0.03706427
  0.03931118   0.03706427     0.03931118   0.03706427    -0.07723146  -0.05557261
    2    1
 -0.05819915   0.05714296     0.12324196   0.03739083     0.03931118  -0.03706427
  0.12324196   0.03739083    -0.05819915   0.05714296     0.03931118  -0.03706427
  0.03931118  -0.03706427     0.03931118  -0.03706427    -0.07723146   0.05557261
    2    2
  0.23115867   0.00000000     0.00531176   0.00000000     0.00564532   0.00773486
  0.00531176   0.00000000     0.23115867   0.00000000     0.00564532   0.00773486
  0.00564532  -0.00773486     0.00564532  -0.00773486     0.28072341   0.00000000

     Dynamical  Matrix in cartesian axes

     q = (    0.250000000  -0.750000000  -0.750000000 ) 

    1    1
  0.28072341   0.00000000    -0.00564532  -0.00773486    -0.00564532  -0.00773486
 -0.00564532   0.00773486     0.23115867   0.00000000     0.00531176   0.00000000
 -0.00564532   0.00773486     0.00531176   0.00000000     0.23115867   0.00000000
    1    2
  0.07723146   0.05557261     0.03931118   0.03706427     0.03931118   0.03706427
  0.03931118   0.03706427     0.05819915   0.05714296    -0.12324196   0.03739083
  0.03931118   0.03706427    -0.12324196   0.03739083     0.05819915   0.05714296
    2    1
  0.07723146  -0.05557261     0.03931118  -0.03706427     0.03931118  -0.03706427
  0.03931118  -0.03706427     0.05819915  -0.05714296    -0.12324196  -0.03739083
  0.03931118  -0.03706427    -0.12324196  -0.03739083     0.05819915  -0.05714296
    2    2
  0.28072341   0.00000000    -0.00564532   0.00773486    -0.00564532   0.00773486
 -0.00564532  -0.00773486     0.23115867   0.00000000     0.00531176   0.00000000
 -0.00564532  -0.00773486     0.00531176   0.00000000     0.23115867   0.00000000

     Dynamical  Matrix in cartesian axes

     q = (    0.750000000  -0.750000000  -0.250000000 ) 

    1    1
  0.23115867   0.00000000    -0.00531176   0.00000000    -0.00564532   0.00773486
 -0.00531176   0.00000000     0.23115867   0.00000000     0.00564532  -0.00773486
 -0.00564532  -0.00773486     0.00564532   0.00773486     0.28072341   0.00000000
    1    2
  0.05819915   0.05714296     0.12324196  -0.03739083     0.03931118   0.03706427
  0.12324196  -0.03739083     0.05819915   0.05714296    -0.03931118  -0.03706427
  0.03931118   0.03706427    -0.03931118  -0.03706427     0.07723146   0.05557261
    2    1
  0.05819915  -0.05714296     0.12324196   0.03739083     0.03931118  -0.03706427
  0.12324196   0.03739083     0.05819915  -0.05714296    -0.03931118   0.03706427
  0.03931118  -0.03706427    -0.03931118   0.03706427     0.07723146  -0.05557261
    2    2
  0.23115867   0.00000000    -0.00531176   0.00000000    -0.00564532  -0.00773486
 -0.00531176   0.00000000     0.23115867   0.00000000     0.00564532   0.00773486
 -0.00564532   0.00773486     0.00564532  -0.00773486     0.28072341   0.00000000

     Diagonalizing the dynamical matrix

     q = (    0.750000000  -0.250000000   0.750000000 ) 

 **************************************************************************
     freq (    1) =       4.280382 [THz] =     142.778165 [cm-1]
 (  0.497063 -0.054112 -0.000000  0.000000 -0.497063  0.054112 ) 
 (  0.500000 -0.000000 -0.000000  0.000000 -0.500000  0.000000 ) 
     freq (    2) =       5.863818 [THz] =     195.595930 [cm-1]
 (  0.150217  0.394034 -0.156021  0.346412  0.150217  0.394034 ) 
 ( -0.421697  0.000000 -0.268110  0.269185 -0.421697  0.000000 ) 
     freq (    3) =       9.095852 [THz] =     303.404978 [cm-1]
 (  0.297734 -0.096631 -0.378491 -0.400972  0.297734 -0.096631 ) 
 ( -0.313022 -0.000000  0.236224 -0.498229 -0.313022  0.000000 ) 
     freq (    4) =      11.681776 [THz] =     389.662095 [cm-1]
 ( -0.320024 -0.111114  0.323058  0.407567 -0.320024 -0.111114 ) 
 ( -0.338764 -0.000000  0.438867 -0.279058 -0.338764  0.000000 ) 
     freq (    5) =      13.139853 [THz] =     438.298305 [cm-1]
 (  0.497063 -0.054112  0.000000  0.000000 -0.497063  0.054112 ) 
 ( -0.500000 -0.000000  0.000000 -0.000000  0.500000  0.000000 ) 
     freq (    6) =      13.555780 [THz] =     452.172160 [cm-1]
 (  0.145499  0.297082 -0.226207  0.479557  0.145499  0.297082 ) 
 (  0.330798  0.000000  0.331183 -0.414081  0.330798  0.000000 ) 
 **************************************************************************
