Dynamical matrix file
Phonons of Si                                                              
  1    2   2  10.3614000   0.0000000   0.0000000   0.0000000   0.0000000   0.0000000
           1  'Si  '    25598.3672898282     
    1    1      0.0000000000      0.0000000000      0.0000000000
    2    1     -0.2500000000      0.2500000000      0.2500000000

     Dynamical  Matrix in cartesian axes

     q = (   -0.250000000   0.250000000  -0.250000000 ) 

    1    1
  0.26321737  -0.00000000    -0.01218194   0.00000000     0.01218194  -0.00000000
 -0.01218194   0.00000000     0.26321737  -0.00000000    -0.01218194   0.00000000
  0.01218194  -0.00000000    -0.01218194   0.00000000     0.26321737  -0.00000000
    1    2
 -0.19791116   0.06030714    -0.03286924  -0.03500968     0.03286924   0.03500968
 -0.03286924  -0.03500968    -0.19791116   0.06030714    -0.03286924  -0.03500968
  0.03286924   0.03500968    -0.03286924  -0.03500968    -0.19791116   0.06030714
    2    1
 -0.19791116  -0.06030714    -0.03286924   0.03500968     0.03286924  -0.03500968
 -0.03286924   0.03500968    -0.19791116  -0.06030714    -0.03286924   0.03500968
  0.03286924  -0.03500968    -0.03286924   0.03500968    -0.19791116  -0.06030714
    2    2
  0.26321737   0.00000000    -0.01218194  -0.00000000     0.01218194   0.00000000
 -0.01218194  -0.00000000     0.26321737   0.00000000    -0.01218194  -0.00000000
  0.01218194   0.00000000    -0.01218194  -0.00000000     0.26321737   0.00000000

     Dynamical  Matrix in cartesian axes

     q = (    0.250000000  -0.250000000  -0.250000000 ) 

    1    1
  0.26321737  -0.00000000    -0.01218194   0.00000000    -0.01218194   0.00000000
 -0.01218194   0.00000000     0.26321737  -0.00000000     0.01218194  -0.00000000
 -0.01218194   0.00000000     0.01218194  -0.00000000     0.26321737  -0.00000000
    1    2
 -0.06030714  -0.19791116     0.03500968  -0.03286924     0.03500968  -0.03286924
  0.03500968  -0.03286924    -0.06030714  -0.19791116    -0.03500968   0.03286924
  0.03500968  -0.03286924    -0.03500968   0.03286924    -0.06030714  -0.19791116
    2    1
 -0.06030714   0.19791116     0.03500968   0.03286924     0.03500968   0.03286924
  0.03500968   0.03286924    -0.06030714   0.19791116    -0.03500968  -0.03286924
  0.03500968   0.03286924    -0.03500968  -0.03286924    -0.06030714   0.19791116
    2    2
  0.26321737   0.00000000    -0.01218194  -0.00000000    -0.01218194  -0.00000000
 -0.01218194  -0.00000000     0.26321737   0.00000000     0.01218194   0.00000000
 -0.01218194  -0.00000000     0.01218194   0.00000000     0.26321737   0.00000000

     Dynamical  Matrix in cartesian axes

     q = (    0.250000000  -0.250000000   0.250000000 ) 

    1    1
  0.26321737   0.00000000    -0.01218194  -0.00000000     0.01218194   0.00000000
 -0.01218194  -0.00000000     0.26321737   0.00000000    -0.01218194  -0.00000000
  0.01218194   0.00000000    -0.01218194  -0.00000000     0.26321737   0.00000000
    1    2
 -0.19791116  -0.06030714    -0.03286924   0.03500968     0.03286924  -0.03500968
 -0.03286924   0.03500968    -0.19791116  -0.06030714    -0.03286924   0.03500968
  0.03286924  -0.03500968    -0.03286924   0.03500968    -0.19791116  -0.06030714
    2    1
 -0.19791116   0.06030714    -0.03286924  -0.03500968     0.03286924   0.03500968
 -0.03286924  -0.03500968    -0.19791116   0.06030714    -0.03286924  -0.03500968
  0.03286924   0.03500968    -0.03286924  -0.03500968    -0.19791116   0.06030714
    2    2
  0.26321737  -0.00000000    -0.01218194   0.00000000     0.01218194  -0.00000000
 -0.01218194   0.00000000     0.26321737  -0.00000000    -0.01218194   0.00000000
  0.01218194  -0.00000000    -0.01218194   0.00000000     0.26321737  -0.00000000

     Dynamical  Matrix in cartesian axes

     q = (    0.250000000   0.250000000   0.250000000 ) 

    1    1
  0.26321737  -0.00000000     0.01218194  -0.00000000     0.01218194  -0.00000000
  0.01218194  -0.00000000     0.26321737  -0.00000000     0.01218194  -0.00000000
  0.01218194  -0.00000000     0.01218194  -0.00000000     0.26321737  -0.00000000
    1    2
 -0.19791116   0.06030714     0.03286924   0.03500968     0.03286924   0.03500968
  0.03286924   0.03500968    -0.19791116   0.06030714     0.03286924   0.03500968
  0.03286924   0.03500968     0.03286924   0.03500968    -0.19791116   0.06030714
    2    1
 -0.19791116  -0.06030714     0.03286924  -0.03500968     0.03286924  -0.03500968
  0.03286924  -0.03500968    -0.19791116  -0.06030714     0.03286924  -0.03500968
  0.03286924  -0.03500968     0.03286924  -0.03500968    -0.19791116  -0.06030714
    2    2
  0.26321737   0.00000000     0.01218194   0.00000000     0.01218194   0.00000000
  0.01218194   0.00000000     0.26321737   0.00000000     0.01218194   0.00000000
  0.01218194   0.00000000     0.01218194   0.00000000     0.26321737   0.00000000

     Dynamical  Matrix in cartesian axes

     q = (   -0.250000000  -0.250000000  -0.250000000 ) 

    1    1
  0.26321737   0.00000000     0.01218194   0.00000000     0.01218194   0.00000000
  0.01218194   0.00000000     0.26321737   0.00000000     0.01218194   0.00000000
  0.01218194   0.00000000     0.01218194   0.00000000     0.26321737   0.00000000
    1    2
 -0.19791116  -0.06030714     0.03286924  -0.03500968     0.03286924  -0.03500968
  0.03286924  -0.03500968    -0.19791116  -0.06030714     0.03286924  -0.03500968
  0.03286924  -0.03500968     0.03286924  -0.03500968    -0.19791116  -0.06030714
    2    1
 -0.19791116   0.06030714     0.03286924   0.03500968     0.03286924   0.03500968
  0.03286924   0.03500968    -0.19791116   0.06030714     0.03286924   0.03500968
  0.03286924   0.03500968     0.03286924   0.03500968    -0.19791116   0.06030714
    2    2
  0.26321737  -0.00000000     0.01218194  -0.00000000     0.01218194  -0.00000000
  0.01218194  -0.00000000     0.26321737  -0.00000000     0.01218194  -0.00000000
  0.01218194  -0.00000000     0.01218194  -0.00000000     0.26321737  -0.00000000

     Dynamical  Matrix in cartesian axes

     q = (   -0.250000000  -0.250000000   0.250000000 ) 

    1    1
  0.26321737  -0.00000000     0.01218194  -0.00000000    -0.01218194   0.00000000
  0.01218194  -0.00000000     0.26321737  -0.00000000    -0.01218194   0.00000000
 -0.01218194   0.00000000    -0.01218194   0.00000000     0.26321737  -0.00000000
    1    2
 -0.19791116   0.06030714     0.03286924   0.03500968    -0.03286924  -0.03500968
  0.03286924   0.03500968    -0.19791116   0.06030714    -0.03286924  -0.03500968
 -0.03286924  -0.03500968    -0.03286924  -0.03500968    -0.19791116   0.06030714
    2    1
 -0.19791116  -0.06030714     0.03286924  -0.03500968    -0.03286924   0.03500968
  0.03286924  -0.03500968    -0.19791116  -0.06030714    -0.03286924   0.03500968
 -0.03286924   0.03500968    -0.03286924   0.03500968    -0.19791116  -0.06030714
    2    2
  0.26321737   0.00000000     0.01218194   0.00000000    -0.01218194  -0.00000000
  0.01218194   0.00000000     0.26321737   0.00000000    -0.01218194  -0.00000000
 -0.01218194  -0.00000000    -0.01218194  -0.00000000     0.26321737   0.00000000

     Dynamical  Matrix in cartesian axes

     q = (   -0.250000000   0.250000000   0.250000000 ) 

    1    1
  0.26321737   0.00000000    -0.01218194  -0.00000000    -0.01218194  -0.00000000
 -0.01218194  -0.00000000     0.26321737   0.00000000     0.01218194   0.00000000
 -0.01218194  -0.00000000     0.01218194   0.00000000     0.26321737   0.00000000
    1    2
 -0.06030714   0.19791116     0.03500968   0.03286924     0.03500968   0.03286924
  0.03500968   0.03286924    -0.06030714   0.19791116    -0.03500968  -0.03286924
  0.03500968   0.03286924    -0.03500968  -0.03286924    -0.06030714   0.19791116
    2    1
 -0.06030714  -0.19791116     0.03500968  -0.03286924     0.03500968  -0.03286924
  0.03500968  -0.03286924    -0.06030714  -0.19791116    -0.03500968   0.03286924
  0.03500968  -0.03286924    -0.03500968   0.03286924    -0.06030714  -0.19791116
    2    2
  0.26321737  -0.00000000    -0.01218194   0.00000000    -0.01218194   0.00000000
 -0.01218194   0.00000000     0.26321737  -0.00000000     0.01218194  -0.00000000
 -0.01218194   0.00000000     0.01218194  -0.00000000     0.26321737  -0.00000000

     Dynamical  Matrix in cartesian axes

     q = (    0.250000000   0.250000000  -0.250000000 ) 

    1    1
  0.26321737   0.00000000     0.01218194   0.00000000    -0.01218194  -0.00000000
  0.01218194   0.00000000     0.26321737   0.00000000    -0.01218194  -0.00000000
 -0.01218194  -0.00000000    -0.01218194  -0.00000000     0.26321737   0.00000000
    1    2
 -0.19791116  -0.06030714     0.03286924  -0.03500968    -0.03286924   0.03500968
  0.03286924  -0.03500968    -0.19791116  -0.06030714    -0.03286924   0.03500968
 -0.03286924   0.03500968    -0.03286924   0.03500968    -0.19791116  -0.06030714
    2    1
 -0.19791116   0.06030714     0.03286924   0.03500968    -0.03286924  -0.03500968
  0.03286924   0.03500968    -0.19791116   0.06030714    -0.03286924  -0.03500968
 -0.03286924  -0.03500968    -0.03286924  -0.03500968    -0.19791116   0.06030714
    2    2
  0.26321737  -0.00000000     0.01218194  -0.00000000    -0.01218194   0.00000000
  0.01218194  -0.00000000     0.26321737  -0.00000000    -0.01218194   0.00000000
 -0.01218194   0.00000000    -0.01218194   0.00000000     0.26321737  -0.00000000

     Diagonalizing the dynamical matrix

     q = (   -0.250000000   0.250000000  -0.250000000 ) 

 **************************************************************************
     freq (    1) =       2.824785 [THz] =      94.224674 [cm-1]
 (  0.543608 -0.111988  0.403377 -0.096617 -0.140231  0.015372 ) 
 (  0.552574 -0.052088  0.411503 -0.052088 -0.141071  0.000000 ) 
     freq (    2) =       2.824785 [THz] =      94.224674 [cm-1]
 (  0.158948 -0.004220 -0.397569  0.056784 -0.556517  0.061004 ) 
 (  0.158462  0.013125 -0.401389  0.013125 -0.559850  0.000000 ) 
     freq (    3) =       6.565797 [THz] =     219.011406 [cm-1]
 (  0.290698 -0.286638 -0.290698  0.286638  0.290698 -0.286638 ) 
 (  0.408248 -0.000000 -0.408248  0.000000  0.408248  0.000000 ) 
     freq (    4) =      14.144631 [THz] =     471.814119 [cm-1]
 ( -0.290698  0.286638  0.290698 -0.286638 -0.290698  0.286638 ) 
 (  0.408248  0.000000 -0.408248  0.000000  0.408248  0.000000 ) 
     freq (    5) =      14.293269 [THz] =     476.772123 [cm-1]
 (  0.452758  0.212006  0.452906  0.211990  0.000148 -0.000016 ) 
 ( -0.426961 -0.260079 -0.427110 -0.260079 -0.000149  0.000000 ) 
     freq (    6) =      14.293269 [THz] =     476.772123 [cm-1]
 (  0.287073 -0.031401 -0.286839  0.031510 -0.573913  0.062911 ) 
 ( -0.288785 -0.000067  0.288565 -0.000067  0.577350  0.000000 ) 
 **************************************************************************
