Dynamical matrix file
Phonons of Si                                                              
  1    2   2  10.3614000   0.0000000   0.0000000   0.0000000   0.0000000   0.0000000
           1  'Si  '    25598.3672898282     
    1    1      0.0000000000      0.0000000000      0.0000000000
    2    1     -0.2500000000      0.2500000000      0.2500000000

     Dynamical  Matrix in cartesian axes

     q = (    0.750000000  -0.250000000   0.750000000 ) 

    1    1
  0.23238550   0.00000000    -0.00612311  -0.00770540     0.00618107   0.00000000
 -0.00612311   0.00770540     0.28461718   0.00000000    -0.00612311   0.00770540
  0.00618107   0.00000000    -0.00612311  -0.00770540     0.23238550   0.00000000
    1    2
 -0.06158352   0.05957119    -0.03705866   0.03483242     0.11831638   0.03435378
 -0.03705866   0.03483242    -0.07789619   0.05917415    -0.03705866   0.03483242
  0.11831638   0.03435378    -0.03705866   0.03483242    -0.06158352   0.05957119
    2    1
 -0.06158352  -0.05957119    -0.03705866  -0.03483242     0.11831638  -0.03435378
 -0.03705866  -0.03483242    -0.07789619  -0.05917415    -0.03705866  -0.03483242
  0.11831638  -0.03435378    -0.03705866  -0.03483242    -0.06158352  -0.05957119
    2    2
  0.23238550   0.00000000    -0.00612311   0.00770540     0.00618107   0.00000000
 -0.00612311  -0.00770540     0.28461718   0.00000000    -0.00612311  -0.00770540
  0.00618107   0.00000000    -0.00612311   0.00770540     0.23238550   0.00000000

     Dynamical  Matrix in cartesian axes

     q = (    0.750000000  -0.250000000  -0.750000000 ) 

    1    1
  0.23238550   0.00000000    -0.00612311   0.00770540    -0.00618107   0.00000000
 -0.00612311  -0.00770540     0.28461718   0.00000000     0.00612311   0.00770540
 -0.00618107   0.00000000     0.00612311  -0.00770540     0.23238550   0.00000000
    1    2
  0.06158352   0.05957119     0.03705866   0.03483242     0.11831638  -0.03435378
  0.03705866   0.03483242     0.07789619   0.05917415    -0.03705866  -0.03483242
  0.11831638  -0.03435378    -0.03705866  -0.03483242     0.06158352   0.05957119
    2    1
  0.06158352  -0.05957119     0.03705866  -0.03483242     0.11831638   0.03435378
  0.03705866  -0.03483242     0.07789619  -0.05917415    -0.03705866   0.03483242
  0.11831638   0.03435378    -0.03705866   0.03483242     0.06158352  -0.05957119
    2    2
  0.23238550   0.00000000    -0.00612311  -0.00770540    -0.00618107   0.00000000
 -0.00612311   0.00770540     0.28461718   0.00000000     0.00612311  -0.00770540
 -0.00618107   0.00000000     0.00612311   0.00770540     0.23238550   0.00000000

     Dynamical  Matrix in cartesian axes

     q = (   -0.750000000  -0.250000000  -0.750000000 ) 

    1    1
  0.23238550   0.00000000     0.00612311   0.00770540     0.00618107   0.00000000
  0.00612311  -0.00770540     0.28461718   0.00000000     0.00612311  -0.00770540
  0.00618107   0.00000000     0.00612311   0.00770540     0.23238550   0.00000000
    1    2
 -0.06158352   0.05957119     0.03705866  -0.03483242     0.11831638   0.03435378
  0.03705866  -0.03483242    -0.07789619   0.05917415     0.03705866  -0.03483242
  0.11831638   0.03435378     0.03705866  -0.03483242    -0.06158352   0.05957119
    2    1
 -0.06158352  -0.05957119     0.03705866   0.03483242     0.11831638  -0.03435378
  0.03705866   0.03483242    -0.07789619  -0.05917415     0.03705866   0.03483242
  0.11831638  -0.03435378     0.03705866   0.03483242    -0.06158352  -0.05957119
    2    2
  0.23238550   0.00000000     0.00612311  -0.00770540     0.00618107   0.00000000
  0.00612311   0.00770540     0.28461718   0.00000000     0.00612311   0.00770540
  0.00618107   0.00000000     0.00612311  -0.00770540     0.23238550   0.00000000

     Dynamical  Matrix in cartesian axes

     q = (   -0.750000000  -0.250000000   0.750000000 ) 

    1    1
  0.23238550   0.00000000     0.00612311  -0.00770540    -0.00618107   0.00000000
  0.00612311   0.00770540     0.28461718   0.00000000    -0.00612311  -0.00770540
 -0.00618107   0.00000000    -0.00612311   0.00770540     0.23238550   0.00000000
    1    2
 -0.05957119   0.06158352     0.03483242  -0.03705866     0.03435378   0.11831638
  0.03483242  -0.03705866    -0.05917415   0.07789619    -0.03483242   0.03705866
  0.03435378   0.11831638    -0.03483242   0.03705866    -0.05957119   0.06158352
    2    1
 -0.05957119  -0.06158352     0.03483242   0.03705866     0.03435378  -0.11831638
  0.03483242   0.03705866    -0.05917415  -0.07789619    -0.03483242  -0.03705866
  0.03435378  -0.11831638    -0.03483242  -0.03705866    -0.05957119  -0.06158352
    2    2
  0.23238550   0.00000000     0.00612311   0.00770540    -0.00618107   0.00000000
  0.00612311  -0.00770540     0.28461718   0.00000000    -0.00612311   0.00770540
 -0.00618107   0.00000000    -0.00612311  -0.00770540     0.23238550   0.00000000

     Dynamical  Matrix in cartesian axes

     q = (   -0.750000000   0.250000000  -0.750000000 ) 

    1    1
  0.23238550   0.00000000    -0.00612311   0.00770540     0.00618107   0.00000000
 -0.00612311  -0.00770540     0.28461718   0.00000000    -0.00612311  -0.00770540
  0.00618107   0.00000000    -0.00612311   0.00770540     0.23238550   0.00000000
    1    2
 -0.06158352  -0.05957119    -0.03705866  -0.03483242     0.11831638  -0.03435378
 -0.03705866  -0.03483242    -0.07789619  -0.05917415    -0.03705866  -0.03483242
  0.11831638  -0.03435378    -0.03705866  -0.03483242    -0.06158352  -0.05957119
    2    1
 -0.06158352   0.05957119    -0.03705866   0.03483242     0.11831638   0.03435378
 -0.03705866   0.03483242    -0.07789619   0.05917415    -0.03705866   0.03483242
  0.11831638   0.03435378    -0.03705866   0.03483242    -0.06158352   0.05957119
    2    2
  0.23238550   0.00000000    -0.00612311  -0.00770540     0.00618107   0.00000000
 -0.00612311   0.00770540     0.28461718   0.00000000    -0.00612311   0.00770540
  0.00618107   0.00000000    -0.00612311  -0.00770540     0.23238550   0.00000000

     Dynamical  Matrix in cartesian axes

     q = (   -0.250000000   0.750000000  -0.750000000 ) 

    1    1
  0.28461718   0.00000000    -0.00612311  -0.00770540     0.00612311   0.00770540
 -0.00612311   0.00770540     0.23238550   0.00000000    -0.00618107   0.00000000
  0.00612311  -0.00770540    -0.00618107   0.00000000     0.23238550   0.00000000
    1    2
 -0.07789619  -0.05917415    -0.03705866  -0.03483242     0.03705866   0.03483242
 -0.03705866  -0.03483242    -0.06158352  -0.05957119    -0.11831638   0.03435378
  0.03705866   0.03483242    -0.11831638   0.03435378    -0.06158352  -0.05957119
    2    1
 -0.07789619   0.05917415    -0.03705866   0.03483242     0.03705866  -0.03483242
 -0.03705866   0.03483242    -0.06158352   0.05957119    -0.11831638  -0.03435378
  0.03705866  -0.03483242    -0.11831638  -0.03435378    -0.06158352   0.05957119
    2    2
  0.28461718   0.00000000    -0.00612311   0.00770540     0.00612311  -0.00770540
 -0.00612311  -0.00770540     0.23238550   0.00000000    -0.00618107   0.00000000
  0.00612311   0.00770540    -0.00618107   0.00000000     0.23238550   0.00000000

     Dynamical  Matrix in cartesian axes

     q = (   -0.750000000   0.750000000  -0.250000000 ) 

    1    1
  0.23238550   0.00000000    -0.00618107   0.00000000     0.00612311  -0.00770540
 -0.00618107   0.00000000     0.23238550   0.00000000    -0.00612311   0.00770540
  0.00612311   0.00770540    -0.00612311  -0.00770540     0.28461718   0.00000000
    1    2
 -0.05957119   0.06158352     0.03435378   0.11831638     0.03483242  -0.03705866
  0.03435378   0.11831638    -0.05957119   0.06158352    -0.03483242   0.03705866
  0.03483242  -0.03705866    -0.03483242   0.03705866    -0.05917415   0.07789619
    2    1
 -0.05957119  -0.06158352     0.03435378  -0.11831638     0.03483242   0.03705866
  0.03435378  -0.11831638    -0.05957119  -0.06158352    -0.03483242  -0.03705866
  0.03483242   0.03705866    -0.03483242  -0.03705866    -0.05917415  -0.07789619
    2    2
  0.23238550   0.00000000    -0.00618107   0.00000000     0.00612311   0.00770540
 -0.00618107   0.00000000     0.23238550   0.00000000    -0.00612311  -0.00770540
  0.00612311  -0.00770540    -0.00612311   0.00770540     0.28461718   0.00000000

     Dynamical  Matrix in cartesian axes

     q = (    0.750000000   0.250000000   0.750000000 ) 

    1    1
  0.23238550   0.00000000     0.00612311  -0.00770540     0.00618107   0.00000000
  0.00612311   0.00770540     0.28461718   0.00000000     0.00612311   0.00770540
  0.00618107   0.00000000     0.00612311  -0.00770540     0.23238550   0.00000000
    1    2
 -0.06158352  -0.05957119     0.03705866   0.03483242     0.11831638  -0.03435378
  0.03705866   0.03483242    -0.07789619  -0.05917415     0.03705866   0.03483242
  0.11831638  -0.03435378     0.03705866   0.03483242    -0.06158352  -0.05957119
    2    1
 -0.06158352   0.05957119     0.03705866  -0.03483242     0.11831638   0.03435378
  0.03705866  -0.03483242    -0.07789619   0.05917415     0.03705866  -0.03483242
  0.11831638   0.03435378     0.03705866  -0.03483242    -0.06158352   0.05957119
    2    2
  0.23238550   0.00000000     0.00612311   0.00770540     0.00618107   0.00000000
  0.00612311  -0.00770540     0.28461718   0.00000000     0.00612311  -0.00770540
  0.00618107   0.00000000     0.00612311   0.00770540     0.23238550   0.00000000

     Dynamical  Matrix in cartesian axes

     q = (   -0.750000000   0.250000000   0.750000000 ) 

    1    1
  0.23238550   0.00000000    -0.00612311  -0.00770540    -0.00618107   0.00000000
 -0.00612311   0.00770540     0.28461718   0.00000000     0.00612311  -0.00770540
 -0.00618107   0.00000000     0.00612311   0.00770540     0.23238550   0.00000000
    1    2
  0.06158352  -0.05957119     0.03705866  -0.03483242     0.11831638   0.03435378
  0.03705866  -0.03483242     0.07789619  -0.05917415    -0.03705866   0.03483242
  0.11831638   0.03435378    -0.03705866   0.03483242     0.06158352  -0.05957119
    2    1
  0.06158352   0.05957119     0.03705866   0.03483242     0.11831638  -0.03435378
  0.03705866   0.03483242     0.07789619   0.05917415    -0.03705866  -0.03483242
  0.11831638  -0.03435378    -0.03705866  -0.03483242     0.06158352   0.05957119
    2    2
  0.23238550   0.00000000    -0.00612311   0.00770540    -0.00618107   0.00000000
 -0.00612311  -0.00770540     0.28461718   0.00000000     0.00612311   0.00770540
 -0.00618107   0.00000000     0.00612311  -0.00770540     0.23238550   0.00000000

     Dynamical  Matrix in cartesian axes

     q = (    0.750000000   0.250000000  -0.750000000 ) 

    1    1
  0.23238550   0.00000000     0.00612311   0.00770540    -0.00618107   0.00000000
  0.00612311  -0.00770540     0.28461718   0.00000000    -0.00612311   0.00770540
 -0.00618107   0.00000000    -0.00612311  -0.00770540     0.23238550   0.00000000
    1    2
 -0.05957119  -0.06158352     0.03483242   0.03705866     0.03435378  -0.11831638
  0.03483242   0.03705866    -0.05917415  -0.07789619    -0.03483242  -0.03705866
  0.03435378  -0.11831638    -0.03483242  -0.03705866    -0.05957119  -0.06158352
    2    1
 -0.05957119   0.06158352     0.03483242  -0.03705866     0.03435378   0.11831638
  0.03483242  -0.03705866    -0.05917415   0.07789619    -0.03483242   0.03705866
  0.03435378   0.11831638    -0.03483242   0.03705866    -0.05957119   0.06158352
    2    2
  0.23238550   0.00000000     0.00612311  -0.00770540    -0.00618107   0.00000000
  0.00612311   0.00770540     0.28461718   0.00000000    -0.00612311  -0.00770540
 -0.00618107   0.00000000    -0.00612311   0.00770540     0.23238550   0.00000000

     Dynamical  Matrix in cartesian axes

     q = (   -0.750000000   0.750000000   0.250000000 ) 

    1    1
  0.23238550   0.00000000    -0.00618107   0.00000000    -0.00612311  -0.00770540
 -0.00618107   0.00000000     0.23238550   0.00000000     0.00612311   0.00770540
 -0.00612311   0.00770540     0.00612311  -0.00770540     0.28461718   0.00000000
    1    2
  0.06158352  -0.05957119     0.11831638   0.03435378     0.03705866  -0.03483242
  0.11831638   0.03435378     0.06158352  -0.05957119    -0.03705866   0.03483242
  0.03705866  -0.03483242    -0.03705866   0.03483242     0.07789619  -0.05917415
    2    1
  0.06158352   0.05957119     0.11831638  -0.03435378     0.03705866   0.03483242
  0.11831638  -0.03435378     0.06158352   0.05957119    -0.03705866  -0.03483242
  0.03705866   0.03483242    -0.03705866  -0.03483242     0.07789619   0.05917415
    2    2
  0.23238550   0.00000000    -0.00618107   0.00000000    -0.00612311   0.00770540
 -0.00618107   0.00000000     0.23238550   0.00000000     0.00612311  -0.00770540
 -0.00612311  -0.00770540     0.00612311   0.00770540     0.28461718   0.00000000

     Dynamical  Matrix in cartesian axes

     q = (   -0.250000000   0.750000000   0.750000000 ) 

    1    1
  0.28461718   0.00000000    -0.00612311   0.00770540    -0.00612311   0.00770540
 -0.00612311  -0.00770540     0.23238550   0.00000000     0.00618107   0.00000000
 -0.00612311  -0.00770540     0.00618107   0.00000000     0.23238550   0.00000000
    1    2
  0.07789619  -0.05917415     0.03705866  -0.03483242     0.03705866  -0.03483242
  0.03705866  -0.03483242     0.06158352  -0.05957119    -0.11831638  -0.03435378
  0.03705866  -0.03483242    -0.11831638  -0.03435378     0.06158352  -0.05957119
    2    1
  0.07789619   0.05917415     0.03705866   0.03483242     0.03705866   0.03483242
  0.03705866   0.03483242     0.06158352   0.05957119    -0.11831638   0.03435378
  0.03705866   0.03483242    -0.11831638   0.03435378     0.06158352   0.05957119
    2    2
  0.28461718   0.00000000    -0.00612311  -0.00770540    -0.00612311  -0.00770540
 -0.00612311   0.00770540     0.23238550   0.00000000     0.00618107   0.00000000
 -0.00612311   0.00770540     0.00618107   0.00000000     0.23238550   0.00000000

     Dynamical  Matrix in cartesian axes

     q = (    0.250000000   0.750000000  -0.750000000 ) 

    1    1
  0.28461718   0.00000000     0.00612311  -0.00770540    -0.00612311   0.00770540
  0.00612311   0.00770540     0.23238550   0.00000000    -0.00618107   0.00000000
 -0.00612311  -0.00770540    -0.00618107   0.00000000     0.23238550   0.00000000
    1    2
 -0.07789619   0.05917415     0.03705866  -0.03483242    -0.03705866   0.03483242
  0.03705866  -0.03483242    -0.06158352   0.05957119    -0.11831638  -0.03435378
 -0.03705866   0.03483242    -0.11831638  -0.03435378    -0.06158352   0.05957119
    2    1
 -0.07789619  -0.05917415     0.03705866   0.03483242    -0.03705866  -0.03483242
  0.03705866   0.03483242    -0.06158352  -0.05957119    -0.11831638   0.03435378
 -0.03705866  -0.03483242    -0.11831638   0.03435378    -0.06158352  -0.05957119
    2    2
  0.28461718   0.00000000     0.00612311   0.00770540    -0.00612311  -0.00770540
  0.00612311  -0.00770540     0.23238550   0.00000000    -0.00618107   0.00000000
 -0.00612311   0.00770540    -0.00618107   0.00000000     0.23238550   0.00000000

     Dynamical  Matrix in cartesian axes

     q = (   -0.250000000  -0.750000000  -0.750000000 ) 

    1    1
  0.28461718   0.00000000     0.00612311  -0.00770540     0.00612311  -0.00770540
  0.00612311   0.00770540     0.23238550   0.00000000     0.00618107   0.00000000
  0.00612311   0.00770540     0.00618107   0.00000000     0.23238550   0.00000000
    1    2
 -0.05917415  -0.07789619     0.03483242   0.03705866     0.03483242   0.03705866
  0.03483242   0.03705866    -0.05957119  -0.06158352    -0.03435378   0.11831638
  0.03483242   0.03705866    -0.03435378   0.11831638    -0.05957119  -0.06158352
    2    1
 -0.05917415   0.07789619     0.03483242  -0.03705866     0.03483242  -0.03705866
  0.03483242  -0.03705866    -0.05957119   0.06158352    -0.03435378  -0.11831638
  0.03483242  -0.03705866    -0.03435378  -0.11831638    -0.05957119   0.06158352
    2    2
  0.28461718   0.00000000     0.00612311   0.00770540     0.00612311   0.00770540
  0.00612311  -0.00770540     0.23238550   0.00000000     0.00618107   0.00000000
  0.00612311  -0.00770540     0.00618107   0.00000000     0.23238550   0.00000000

     Dynamical  Matrix in cartesian axes

     q = (    0.750000000   0.750000000  -0.250000000 ) 

    1    1
  0.23238550   0.00000000     0.00618107   0.00000000    -0.00612311  -0.00770540
  0.00618107   0.00000000     0.23238550   0.00000000    -0.00612311  -0.00770540
 -0.00612311   0.00770540    -0.00612311   0.00770540     0.28461718   0.00000000
    1    2
 -0.06158352   0.05957119     0.11831638   0.03435378    -0.03705866   0.03483242
  0.11831638   0.03435378    -0.06158352   0.05957119    -0.03705866   0.03483242
 -0.03705866   0.03483242    -0.03705866   0.03483242    -0.07789619   0.05917415
    2    1
 -0.06158352  -0.05957119     0.11831638  -0.03435378    -0.03705866  -0.03483242
  0.11831638  -0.03435378    -0.06158352  -0.05957119    -0.03705866  -0.03483242
 -0.03705866  -0.03483242    -0.03705866  -0.03483242    -0.07789619  -0.05917415
    2    2
  0.23238550   0.00000000     0.00618107   0.00000000    -0.00612311   0.00770540
  0.00618107   0.00000000     0.23238550   0.00000000    -0.00612311   0.00770540
 -0.00612311  -0.00770540    -0.00612311  -0.00770540     0.28461718   0.00000000

     Dynamical  Matrix in cartesian axes

     q = (    0.750000000  -0.750000000   0.250000000 ) 

    1    1
  0.23238550   0.00000000    -0.00618107   0.00000000     0.00612311   0.00770540
 -0.00618107   0.00000000     0.23238550   0.00000000    -0.00612311  -0.00770540
  0.00612311  -0.00770540    -0.00612311   0.00770540     0.28461718   0.00000000
    1    2
 -0.05957119  -0.06158352     0.03435378  -0.11831638     0.03483242   0.03705866
  0.03435378  -0.11831638    -0.05957119  -0.06158352    -0.03483242  -0.03705866
  0.03483242   0.03705866    -0.03483242  -0.03705866    -0.05917415  -0.07789619
    2    1
 -0.05957119   0.06158352     0.03435378   0.11831638     0.03483242  -0.03705866
  0.03435378   0.11831638    -0.05957119   0.06158352    -0.03483242   0.03705866
  0.03483242  -0.03705866    -0.03483242   0.03705866    -0.05917415   0.07789619
    2    2
  0.23238550   0.00000000    -0.00618107   0.00000000     0.00612311  -0.00770540
 -0.00618107   0.00000000     0.23238550   0.00000000    -0.00612311   0.00770540
  0.00612311   0.00770540    -0.00612311  -0.00770540     0.28461718   0.00000000

     Dynamical  Matrix in cartesian axes

     q = (   -0.750000000  -0.750000000  -0.250000000 ) 

    1    1
  0.23238550   0.00000000     0.00618107   0.00000000     0.00612311   0.00770540
  0.00618107   0.00000000     0.23238550   0.00000000     0.00612311   0.00770540
  0.00612311  -0.00770540     0.00612311  -0.00770540     0.28461718   0.00000000
    1    2
 -0.06158352   0.05957119     0.11831638   0.03435378     0.03705866  -0.03483242
  0.11831638   0.03435378    -0.06158352   0.05957119     0.03705866  -0.03483242
  0.03705866  -0.03483242     0.03705866  -0.03483242    -0.07789619   0.05917415
    2    1
 -0.06158352  -0.05957119     0.11831638  -0.03435378     0.03705866   0.03483242
  0.11831638  -0.03435378    -0.06158352  -0.05957119     0.03705866   0.03483242
  0.03705866   0.03483242     0.03705866   0.03483242    -0.07789619  -0.05917415
    2    2
  0.23238550   0.00000000     0.00618107   0.00000000     0.00612311  -0.00770540
  0.00618107   0.00000000     0.23238550   0.00000000     0.00612311  -0.00770540
  0.00612311   0.00770540     0.00612311   0.00770540     0.28461718   0.00000000

     Dynamical  Matrix in cartesian axes

     q = (    0.250000000  -0.750000000   0.750000000 ) 

    1    1
  0.28461718   0.00000000    -0.00612311   0.00770540     0.00612311  -0.00770540
 -0.00612311  -0.00770540     0.23238550   0.00000000    -0.00618107   0.00000000
  0.00612311   0.00770540    -0.00618107   0.00000000     0.23238550   0.00000000
    1    2
 -0.07789619   0.05917415    -0.03705866   0.03483242     0.03705866  -0.03483242
 -0.03705866   0.03483242    -0.06158352   0.05957119    -0.11831638  -0.03435378
  0.03705866  -0.03483242    -0.11831638  -0.03435378    -0.06158352   0.05957119
    2    1
 -0.07789619  -0.05917415    -0.03705866  -0.03483242     0.03705866   0.03483242
 -0.03705866  -0.03483242    -0.06158352  -0.05957119    -0.11831638   0.03435378
  0.03705866   0.03483242    -0.11831638   0.03435378    -0.06158352  -0.05957119
    2    2
  0.28461718   0.00000000    -0.00612311  -0.00770540     0.00612311   0.00770540
 -0.00612311   0.00770540     0.23238550   0.00000000    -0.00618107   0.00000000
  0.00612311  -0.00770540    -0.00618107   0.00000000     0.23238550   0.00000000

     Dynamical  Matrix in cartesian axes

     q = (   -0.750000000  -0.750000000   0.250000000 ) 

    1    1
  0.23238550   0.00000000     0.00618107   0.00000000    -0.00612311   0.00770540
  0.00618107   0.00000000     0.23238550   0.00000000    -0.00612311   0.00770540
 -0.00612311  -0.00770540    -0.00612311  -0.00770540     0.28461718   0.00000000
    1    2
 -0.06158352  -0.05957119     0.11831638  -0.03435378    -0.03705866  -0.03483242
  0.11831638  -0.03435378    -0.06158352  -0.05957119    -0.03705866  -0.03483242
 -0.03705866  -0.03483242    -0.03705866  -0.03483242    -0.07789619  -0.05917415
    2    1
 -0.06158352   0.05957119     0.11831638   0.03435378    -0.03705866   0.03483242
  0.11831638   0.03435378    -0.06158352   0.05957119    -0.03705866   0.03483242
 -0.03705866   0.03483242    -0.03705866   0.03483242    -0.07789619   0.05917415
    2    2
  0.23238550   0.00000000     0.00618107   0.00000000    -0.00612311  -0.00770540
  0.00618107   0.00000000     0.23238550   0.00000000    -0.00612311  -0.00770540
 -0.00612311   0.00770540    -0.00612311   0.00770540     0.28461718   0.00000000

     Dynamical  Matrix in cartesian axes

     q = (    0.250000000   0.750000000   0.750000000 ) 

    1    1
  0.28461718   0.00000000     0.00612311   0.00770540     0.00612311   0.00770540
  0.00612311  -0.00770540     0.23238550   0.00000000     0.00618107   0.00000000
  0.00612311  -0.00770540     0.00618107   0.00000000     0.23238550   0.00000000
    1    2
 -0.05917415   0.07789619     0.03483242  -0.03705866     0.03483242  -0.03705866
  0.03483242  -0.03705866    -0.05957119   0.06158352    -0.03435378  -0.11831638
  0.03483242  -0.03705866    -0.03435378  -0.11831638    -0.05957119   0.06158352
    2    1
 -0.05917415  -0.07789619     0.03483242   0.03705866     0.03483242   0.03705866
  0.03483242   0.03705866    -0.05957119  -0.06158352    -0.03435378   0.11831638
  0.03483242   0.03705866    -0.03435378   0.11831638    -0.05957119  -0.06158352
    2    2
  0.28461718   0.00000000     0.00612311  -0.00770540     0.00612311  -0.00770540
  0.00612311   0.00770540     0.23238550   0.00000000     0.00618107   0.00000000
  0.00612311   0.00770540     0.00618107   0.00000000     0.23238550   0.00000000

     Dynamical  Matrix in cartesian axes

     q = (   -0.250000000  -0.750000000   0.750000000 ) 

    1    1
  0.28461718   0.00000000     0.00612311   0.00770540    -0.00612311  -0.00770540
  0.00612311  -0.00770540     0.23238550   0.00000000    -0.00618107   0.00000000
 -0.00612311   0.00770540    -0.00618107   0.00000000     0.23238550   0.00000000
    1    2
 -0.07789619  -0.05917415     0.03705866   0.03483242    -0.03705866  -0.03483242
  0.03705866   0.03483242    -0.06158352  -0.05957119    -0.11831638   0.03435378
 -0.03705866  -0.03483242    -0.11831638   0.03435378    -0.06158352  -0.05957119
    2    1
 -0.07789619   0.05917415     0.03705866  -0.03483242    -0.03705866   0.03483242
  0.03705866  -0.03483242    -0.06158352   0.05957119    -0.11831638  -0.03435378
 -0.03705866   0.03483242    -0.11831638  -0.03435378    -0.06158352   0.05957119
    2    2
  0.28461718   0.00000000     0.00612311  -0.00770540    -0.00612311   0.00770540
  0.00612311   0.00770540     0.23238550   0.00000000    -0.00618107   0.00000000
 -0.00612311  -0.00770540    -0.00618107   0.00000000     0.23238550   0.00000000

     Dynamical  Matrix in cartesian axes

     q = (    0.750000000   0.750000000   0.250000000 ) 

    1    1
  0.23238550   0.00000000     0.00618107   0.00000000     0.00612311  -0.00770540
  0.00618107   0.00000000     0.23238550   0.00000000     0.00612311  -0.00770540
  0.00612311   0.00770540     0.00612311   0.00770540     0.28461718   0.00000000
    1    2
 -0.06158352  -0.05957119     0.11831638  -0.03435378     0.03705866   0.03483242
  0.11831638  -0.03435378    -0.06158352  -0.05957119     0.03705866   0.03483242
  0.03705866   0.03483242     0.03705866   0.03483242    -0.07789619  -0.05917415
    2    1
 -0.06158352   0.05957119     0.11831638   0.03435378     0.03705866  -0.03483242
  0.11831638   0.03435378    -0.06158352   0.05957119     0.03705866  -0.03483242
  0.03705866  -0.03483242     0.03705866  -0.03483242    -0.07789619   0.05917415
    2    2
  0.23238550   0.00000000     0.00618107   0.00000000     0.00612311   0.00770540
  0.00618107   0.00000000     0.23238550   0.00000000     0.00612311   0.00770540
  0.00612311  -0.00770540     0.00612311  -0.00770540     0.28461718   0.00000000

     Dynamical  Matrix in cartesian axes

     q = (    0.250000000  -0.750000000  -0.750000000 ) 

    1    1
  0.28461718   0.00000000    -0.00612311  -0.00770540    -0.00612311  -0.00770540
 -0.00612311   0.00770540     0.23238550   0.00000000     0.00618107   0.00000000
 -0.00612311   0.00770540     0.00618107   0.00000000     0.23238550   0.00000000
    1    2
  0.07789619   0.05917415     0.03705866   0.03483242     0.03705866   0.03483242
  0.03705866   0.03483242     0.06158352   0.05957119    -0.11831638   0.03435378
  0.03705866   0.03483242    -0.11831638   0.03435378     0.06158352   0.05957119
    2    1
  0.07789619  -0.05917415     0.03705866  -0.03483242     0.03705866  -0.03483242
  0.03705866  -0.03483242     0.06158352  -0.05957119    -0.11831638  -0.03435378
  0.03705866  -0.03483242    -0.11831638  -0.03435378     0.06158352  -0.05957119
    2    2
  0.28461718   0.00000000    -0.00612311   0.00770540    -0.00612311   0.00770540
 -0.00612311  -0.00770540     0.23238550   0.00000000     0.00618107   0.00000000
 -0.00612311  -0.00770540     0.00618107   0.00000000     0.23238550   0.00000000

     Dynamical  Matrix in cartesian axes

     q = (    0.750000000  -0.750000000  -0.250000000 ) 

    1    1
  0.23238550   0.00000000    -0.00618107   0.00000000    -0.00612311   0.00770540
 -0.00618107   0.00000000     0.23238550   0.00000000     0.00612311  -0.00770540
 -0.00612311  -0.00770540     0.00612311   0.00770540     0.28461718   0.00000000
    1    2
  0.06158352   0.05957119     0.11831638  -0.03435378     0.03705866   0.03483242
  0.11831638  -0.03435378     0.06158352   0.05957119    -0.03705866  -0.03483242
  0.03705866   0.03483242    -0.03705866  -0.03483242     0.07789619   0.05917415
    2    1
  0.06158352  -0.05957119     0.11831638   0.03435378     0.03705866  -0.03483242
  0.11831638   0.03435378     0.06158352  -0.05957119    -0.03705866   0.03483242
  0.03705866  -0.03483242    -0.03705866   0.03483242     0.07789619  -0.05917415
    2    2
  0.23238550   0.00000000    -0.00618107   0.00000000    -0.00612311  -0.00770540
 -0.00618107   0.00000000     0.23238550   0.00000000     0.00612311   0.00770540
 -0.00612311   0.00770540     0.00612311  -0.00770540     0.28461718   0.00000000

     Diagonalizing the dynamical matrix

     q = (    0.750000000  -0.250000000   0.750000000 ) 

 **************************************************************************
     freq (    1) =       4.339821 [THz] =     144.760840 [cm-1]
 (  0.495159 -0.069409  0.000000 -0.000000 -0.495159  0.069409 ) 
 (  0.500000  0.000000  0.000000 -0.000000 -0.500000  0.000000 ) 
     freq (    2) =       6.134065 [THz] =     204.610380 [cm-1]
 (  0.120137  0.400066 -0.159221  0.354511  0.120137  0.400066 ) 
 ( -0.417715 -0.000000 -0.293739  0.254453 -0.417715  0.000000 ) 
     freq (    3) =       9.193339 [THz] =     306.656781 [cm-1]
 (  0.312764 -0.056925 -0.340773 -0.426321  0.312764 -0.056925 ) 
 ( -0.317902 -0.000000  0.258927 -0.480451 -0.317902  0.000000 ) 
     freq (    4) =      11.723046 [THz] =     391.038712 [cm-1]
 ( -0.314783 -0.163382  0.288141  0.406708 -0.314783 -0.163382 ) 
 ( -0.354657  0.000000  0.443105 -0.228242 -0.354657  0.000000 ) 
     freq (    5) =      13.131857 [THz] =     438.031598 [cm-1]
 (  0.495159 -0.069409  0.000000 -0.000000 -0.495159  0.069409 ) 
 ( -0.500000  0.000000 -0.000000  0.000000  0.500000  0.000000 ) 
     freq (    6) =      13.521576 [THz] =     451.031235 [cm-1]
 (  0.120882  0.289929 -0.231283  0.499165  0.120882  0.289929 ) 
 (  0.314120 -0.000000  0.371720 -0.405564  0.314120  0.000000 ) 
 **************************************************************************
