Dynamical matrix file
Phonons of Si                                                              
  1    2   2  10.0213000   0.0000000   0.0000000   0.0000000   0.0000000   0.0000000
           1  'Si  '    25598.3672898282     
    1    1      0.0000000000      0.0000000000      0.0000000000
    2    1     -0.2500000000      0.2500000000      0.2500000000

     Dynamical  Matrix in cartesian axes

     q = (    0.750000000  -0.250000000   0.750000000 ) 

    1    1
  0.29286427   0.00000000    -0.00717140  -0.00886829     0.00742037   0.00000000
 -0.00717140   0.00886829     0.34745521   0.00000000    -0.00717140   0.00886829
  0.00742037   0.00000000    -0.00717140  -0.00886829     0.29286427   0.00000000
    1    2
 -0.07284352   0.07135872    -0.05841319   0.05533587     0.18147590   0.05602700
 -0.05841319   0.05533587    -0.09200923   0.06911436    -0.05841319   0.05533587
  0.18147590   0.05602700    -0.05841319   0.05533587    -0.07284352   0.07135872
    2    1
 -0.07284352  -0.07135872    -0.05841319  -0.05533587     0.18147590  -0.05602700
 -0.05841319  -0.05533587    -0.09200923  -0.06911436    -0.05841319  -0.05533587
  0.18147590  -0.05602700    -0.05841319  -0.05533587    -0.07284352  -0.07135872
    2    2
  0.29286427   0.00000000    -0.00717140   0.00886829     0.00742037   0.00000000
 -0.00717140  -0.00886829     0.34745521   0.00000000    -0.00717140  -0.00886829
  0.00742037   0.00000000    -0.00717140   0.00886829     0.29286427   0.00000000

     Dynamical  Matrix in cartesian axes

     q = (    0.750000000  -0.250000000  -0.750000000 ) 

    1    1
  0.29286427   0.00000000    -0.00717140   0.00886829    -0.00742037   0.00000000
 -0.00717140  -0.00886829     0.34745521   0.00000000     0.00717140   0.00886829
 -0.00742037   0.00000000     0.00717140  -0.00886829     0.29286427   0.00000000
    1    2
  0.07284352   0.07135872     0.05841319   0.05533587     0.18147590  -0.05602700
  0.05841319   0.05533587     0.09200923   0.06911436    -0.05841319  -0.05533587
  0.18147590  -0.05602700    -0.05841319  -0.05533587     0.07284352   0.07135872
    2    1
  0.07284352  -0.07135872     0.05841319  -0.05533587     0.18147590   0.05602700
  0.05841319  -0.05533587     0.09200923  -0.06911436    -0.05841319   0.05533587
  0.18147590   0.05602700    -0.05841319   0.05533587     0.07284352  -0.07135872
    2    2
  0.29286427   0.00000000    -0.00717140  -0.00886829    -0.00742037   0.00000000
 -0.00717140   0.00886829     0.34745521   0.00000000     0.00717140  -0.00886829
 -0.00742037   0.00000000     0.00717140   0.00886829     0.29286427   0.00000000

     Dynamical  Matrix in cartesian axes

     q = (   -0.750000000  -0.250000000  -0.750000000 ) 

    1    1
  0.29286427   0.00000000     0.00717140   0.00886829     0.00742037   0.00000000
  0.00717140  -0.00886829     0.34745521   0.00000000     0.00717140  -0.00886829
  0.00742037   0.00000000     0.00717140   0.00886829     0.29286427   0.00000000
    1    2
 -0.07284352   0.07135872     0.05841319  -0.05533587     0.18147590   0.05602700
  0.05841319  -0.05533587    -0.09200923   0.06911436     0.05841319  -0.05533587
  0.18147590   0.05602700     0.05841319  -0.05533587    -0.07284352   0.07135872
    2    1
 -0.07284352  -0.07135872     0.05841319   0.05533587     0.18147590  -0.05602700
  0.05841319   0.05533587    -0.09200923  -0.06911436     0.05841319   0.05533587
  0.18147590  -0.05602700     0.05841319   0.05533587    -0.07284352  -0.07135872
    2    2
  0.29286427   0.00000000     0.00717140  -0.00886829     0.00742037   0.00000000
  0.00717140   0.00886829     0.34745521   0.00000000     0.00717140   0.00886829
  0.00742037   0.00000000     0.00717140  -0.00886829     0.29286427   0.00000000

     Dynamical  Matrix in cartesian axes

     q = (   -0.750000000  -0.250000000   0.750000000 ) 

    1    1
  0.29286427   0.00000000     0.00717140  -0.00886829    -0.00742037   0.00000000
  0.00717140   0.00886829     0.34745521   0.00000000    -0.00717140  -0.00886829
 -0.00742037   0.00000000    -0.00717140   0.00886829     0.29286427   0.00000000
    1    2
 -0.07135872   0.07284352     0.05533587  -0.05841319     0.05602700   0.18147590
  0.05533587  -0.05841319    -0.06911436   0.09200923    -0.05533587   0.05841319
  0.05602700   0.18147590    -0.05533587   0.05841319    -0.07135872   0.07284352
    2    1
 -0.07135872  -0.07284352     0.05533587   0.05841319     0.05602700  -0.18147590
  0.05533587   0.05841319    -0.06911436  -0.09200923    -0.05533587  -0.05841319
  0.05602700  -0.18147590    -0.05533587  -0.05841319    -0.07135872  -0.07284352
    2    2
  0.29286427   0.00000000     0.00717140   0.00886829    -0.00742037   0.00000000
  0.00717140  -0.00886829     0.34745521   0.00000000    -0.00717140   0.00886829
 -0.00742037   0.00000000    -0.00717140  -0.00886829     0.29286427   0.00000000

     Dynamical  Matrix in cartesian axes

     q = (   -0.750000000   0.250000000  -0.750000000 ) 

    1    1
  0.29286427   0.00000000    -0.00717140   0.00886829     0.00742037   0.00000000
 -0.00717140  -0.00886829     0.34745521   0.00000000    -0.00717140  -0.00886829
  0.00742037   0.00000000    -0.00717140   0.00886829     0.29286427   0.00000000
    1    2
 -0.07284352  -0.07135872    -0.05841319  -0.05533587     0.18147590  -0.05602700
 -0.05841319  -0.05533587    -0.09200923  -0.06911436    -0.05841319  -0.05533587
  0.18147590  -0.05602700    -0.05841319  -0.05533587    -0.07284352  -0.07135872
    2    1
 -0.07284352   0.07135872    -0.05841319   0.05533587     0.18147590   0.05602700
 -0.05841319   0.05533587    -0.09200923   0.06911436    -0.05841319   0.05533587
  0.18147590   0.05602700    -0.05841319   0.05533587    -0.07284352   0.07135872
    2    2
  0.29286427   0.00000000    -0.00717140  -0.00886829     0.00742037   0.00000000
 -0.00717140   0.00886829     0.34745521   0.00000000    -0.00717140   0.00886829
  0.00742037   0.00000000    -0.00717140  -0.00886829     0.29286427   0.00000000

     Dynamical  Matrix in cartesian axes

     q = (   -0.250000000   0.750000000  -0.750000000 ) 

    1    1
  0.34745521   0.00000000    -0.00717140  -0.00886829     0.00717140   0.00886829
 -0.00717140   0.00886829     0.29286427   0.00000000    -0.00742037   0.00000000
  0.00717140  -0.00886829    -0.00742037   0.00000000     0.29286427   0.00000000
    1    2
 -0.09200923  -0.06911436    -0.05841319  -0.05533587     0.05841319   0.05533587
 -0.05841319  -0.05533587    -0.07284352  -0.07135872    -0.18147590   0.05602700
  0.05841319   0.05533587    -0.18147590   0.05602700    -0.07284352  -0.07135872
    2    1
 -0.09200923   0.06911436    -0.05841319   0.05533587     0.05841319  -0.05533587
 -0.05841319   0.05533587    -0.07284352   0.07135872    -0.18147590  -0.05602700
  0.05841319  -0.05533587    -0.18147590  -0.05602700    -0.07284352   0.07135872
    2    2
  0.34745521   0.00000000    -0.00717140   0.00886829     0.00717140  -0.00886829
 -0.00717140  -0.00886829     0.29286427   0.00000000    -0.00742037   0.00000000
  0.00717140   0.00886829    -0.00742037   0.00000000     0.29286427   0.00000000

     Dynamical  Matrix in cartesian axes

     q = (   -0.750000000   0.750000000  -0.250000000 ) 

    1    1
  0.29286427   0.00000000    -0.00742037   0.00000000     0.00717140  -0.00886829
 -0.00742037   0.00000000     0.29286427   0.00000000    -0.00717140   0.00886829
  0.00717140   0.00886829    -0.00717140  -0.00886829     0.34745521   0.00000000
    1    2
 -0.07135872   0.07284352     0.05602700   0.18147590     0.05533587  -0.05841319
  0.05602700   0.18147590    -0.07135872   0.07284352    -0.05533587   0.05841319
  0.05533587  -0.05841319    -0.05533587   0.05841319    -0.06911436   0.09200923
    2    1
 -0.07135872  -0.07284352     0.05602700  -0.18147590     0.05533587   0.05841319
  0.05602700  -0.18147590    -0.07135872  -0.07284352    -0.05533587  -0.05841319
  0.05533587   0.05841319    -0.05533587  -0.05841319    -0.06911436  -0.09200923
    2    2
  0.29286427   0.00000000    -0.00742037   0.00000000     0.00717140   0.00886829
 -0.00742037   0.00000000     0.29286427   0.00000000    -0.00717140  -0.00886829
  0.00717140  -0.00886829    -0.00717140   0.00886829     0.34745521   0.00000000

     Dynamical  Matrix in cartesian axes

     q = (    0.750000000   0.250000000   0.750000000 ) 

    1    1
  0.29286427   0.00000000     0.00717140  -0.00886829     0.00742037   0.00000000
  0.00717140   0.00886829     0.34745521   0.00000000     0.00717140   0.00886829
  0.00742037   0.00000000     0.00717140  -0.00886829     0.29286427   0.00000000
    1    2
 -0.07284352  -0.07135872     0.05841319   0.05533587     0.18147590  -0.05602700
  0.05841319   0.05533587    -0.09200923  -0.06911436     0.05841319   0.05533587
  0.18147590  -0.05602700     0.05841319   0.05533587    -0.07284352  -0.07135872
    2    1
 -0.07284352   0.07135872     0.05841319  -0.05533587     0.18147590   0.05602700
  0.05841319  -0.05533587    -0.09200923   0.06911436     0.05841319  -0.05533587
  0.18147590   0.05602700     0.05841319  -0.05533587    -0.07284352   0.07135872
    2    2
  0.29286427   0.00000000     0.00717140   0.00886829     0.00742037   0.00000000
  0.00717140  -0.00886829     0.34745521   0.00000000     0.00717140  -0.00886829
  0.00742037   0.00000000     0.00717140   0.00886829     0.29286427   0.00000000

     Dynamical  Matrix in cartesian axes

     q = (   -0.750000000   0.250000000   0.750000000 ) 

    1    1
  0.29286427   0.00000000    -0.00717140  -0.00886829    -0.00742037   0.00000000
 -0.00717140   0.00886829     0.34745521   0.00000000     0.00717140  -0.00886829
 -0.00742037   0.00000000     0.00717140   0.00886829     0.29286427   0.00000000
    1    2
  0.07284352  -0.07135872     0.05841319  -0.05533587     0.18147590   0.05602700
  0.05841319  -0.05533587     0.09200923  -0.06911436    -0.05841319   0.05533587
  0.18147590   0.05602700    -0.05841319   0.05533587     0.07284352  -0.07135872
    2    1
  0.07284352   0.07135872     0.05841319   0.05533587     0.18147590  -0.05602700
  0.05841319   0.05533587     0.09200923   0.06911436    -0.05841319  -0.05533587
  0.18147590  -0.05602700    -0.05841319  -0.05533587     0.07284352   0.07135872
    2    2
  0.29286427   0.00000000    -0.00717140   0.00886829    -0.00742037   0.00000000
 -0.00717140  -0.00886829     0.34745521   0.00000000     0.00717140   0.00886829
 -0.00742037   0.00000000     0.00717140  -0.00886829     0.29286427   0.00000000

     Dynamical  Matrix in cartesian axes

     q = (    0.750000000   0.250000000  -0.750000000 ) 

    1    1
  0.29286427   0.00000000     0.00717140   0.00886829    -0.00742037   0.00000000
  0.00717140  -0.00886829     0.34745521   0.00000000    -0.00717140   0.00886829
 -0.00742037   0.00000000    -0.00717140  -0.00886829     0.29286427   0.00000000
    1    2
 -0.07135872  -0.07284352     0.05533587   0.05841319     0.05602700  -0.18147590
  0.05533587   0.05841319    -0.06911436  -0.09200923    -0.05533587  -0.05841319
  0.05602700  -0.18147590    -0.05533587  -0.05841319    -0.07135872  -0.07284352
    2    1
 -0.07135872   0.07284352     0.05533587  -0.05841319     0.05602700   0.18147590
  0.05533587  -0.05841319    -0.06911436   0.09200923    -0.05533587   0.05841319
  0.05602700   0.18147590    -0.05533587   0.05841319    -0.07135872   0.07284352
    2    2
  0.29286427   0.00000000     0.00717140  -0.00886829    -0.00742037   0.00000000
  0.00717140   0.00886829     0.34745521   0.00000000    -0.00717140  -0.00886829
 -0.00742037   0.00000000    -0.00717140   0.00886829     0.29286427   0.00000000

     Dynamical  Matrix in cartesian axes

     q = (   -0.750000000   0.750000000   0.250000000 ) 

    1    1
  0.29286427   0.00000000    -0.00742037   0.00000000    -0.00717140  -0.00886829
 -0.00742037   0.00000000     0.29286427   0.00000000     0.00717140   0.00886829
 -0.00717140   0.00886829     0.00717140  -0.00886829     0.34745521   0.00000000
    1    2
  0.07284352  -0.07135872     0.18147590   0.05602700     0.05841319  -0.05533587
  0.18147590   0.05602700     0.07284352  -0.07135872    -0.05841319   0.05533587
  0.05841319  -0.05533587    -0.05841319   0.05533587     0.09200923  -0.06911436
    2    1
  0.07284352   0.07135872     0.18147590  -0.05602700     0.05841319   0.05533587
  0.18147590  -0.05602700     0.07284352   0.07135872    -0.05841319  -0.05533587
  0.05841319   0.05533587    -0.05841319  -0.05533587     0.09200923   0.06911436
    2    2
  0.29286427   0.00000000    -0.00742037   0.00000000    -0.00717140   0.00886829
 -0.00742037   0.00000000     0.29286427   0.00000000     0.00717140  -0.00886829
 -0.00717140  -0.00886829     0.00717140   0.00886829     0.34745521   0.00000000

     Dynamical  Matrix in cartesian axes

     q = (   -0.250000000   0.750000000   0.750000000 ) 

    1    1
  0.34745521   0.00000000    -0.00717140   0.00886829    -0.00717140   0.00886829
 -0.00717140  -0.00886829     0.29286427   0.00000000     0.00742037   0.00000000
 -0.00717140  -0.00886829     0.00742037   0.00000000     0.29286427   0.00000000
    1    2
  0.09200923  -0.06911436     0.05841319  -0.05533587     0.05841319  -0.05533587
  0.05841319  -0.05533587     0.07284352  -0.07135872    -0.18147590  -0.05602700
  0.05841319  -0.05533587    -0.18147590  -0.05602700     0.07284352  -0.07135872
    2    1
  0.09200923   0.06911436     0.05841319   0.05533587     0.05841319   0.05533587
  0.05841319   0.05533587     0.07284352   0.07135872    -0.18147590   0.05602700
  0.05841319   0.05533587    -0.18147590   0.05602700     0.07284352   0.07135872
    2    2
  0.34745521   0.00000000    -0.00717140  -0.00886829    -0.00717140  -0.00886829
 -0.00717140   0.00886829     0.29286427   0.00000000     0.00742037   0.00000000
 -0.00717140   0.00886829     0.00742037   0.00000000     0.29286427   0.00000000

     Dynamical  Matrix in cartesian axes

     q = (    0.250000000   0.750000000  -0.750000000 ) 

    1    1
  0.34745521   0.00000000     0.00717140  -0.00886829    -0.00717140   0.00886829
  0.00717140   0.00886829     0.29286427   0.00000000    -0.00742037   0.00000000
 -0.00717140  -0.00886829    -0.00742037   0.00000000     0.29286427   0.00000000
    1    2
 -0.09200923   0.06911436     0.05841319  -0.05533587    -0.05841319   0.05533587
  0.05841319  -0.05533587    -0.07284352   0.07135872    -0.18147590  -0.05602700
 -0.05841319   0.05533587    -0.18147590  -0.05602700    -0.07284352   0.07135872
    2    1
 -0.09200923  -0.06911436     0.05841319   0.05533587    -0.05841319  -0.05533587
  0.05841319   0.05533587    -0.07284352  -0.07135872    -0.18147590   0.05602700
 -0.05841319  -0.05533587    -0.18147590   0.05602700    -0.07284352  -0.07135872
    2    2
  0.34745521   0.00000000     0.00717140   0.00886829    -0.00717140  -0.00886829
  0.00717140  -0.00886829     0.29286427   0.00000000    -0.00742037   0.00000000
 -0.00717140   0.00886829    -0.00742037   0.00000000     0.29286427   0.00000000

     Dynamical  Matrix in cartesian axes

     q = (   -0.250000000  -0.750000000  -0.750000000 ) 

    1    1
  0.34745521   0.00000000     0.00717140  -0.00886829     0.00717140  -0.00886829
  0.00717140   0.00886829     0.29286427   0.00000000     0.00742037   0.00000000
  0.00717140   0.00886829     0.00742037   0.00000000     0.29286427   0.00000000
    1    2
 -0.06911436  -0.09200923     0.05533587   0.05841319     0.05533587   0.05841319
  0.05533587   0.05841319    -0.07135872  -0.07284352    -0.05602700   0.18147590
  0.05533587   0.05841319    -0.05602700   0.18147590    -0.07135872  -0.07284352
    2    1
 -0.06911436   0.09200923     0.05533587  -0.05841319     0.05533587  -0.05841319
  0.05533587  -0.05841319    -0.07135872   0.07284352    -0.05602700  -0.18147590
  0.05533587  -0.05841319    -0.05602700  -0.18147590    -0.07135872   0.07284352
    2    2
  0.34745521   0.00000000     0.00717140   0.00886829     0.00717140   0.00886829
  0.00717140  -0.00886829     0.29286427   0.00000000     0.00742037   0.00000000
  0.00717140  -0.00886829     0.00742037   0.00000000     0.29286427   0.00000000

     Dynamical  Matrix in cartesian axes

     q = (    0.750000000   0.750000000  -0.250000000 ) 

    1    1
  0.29286427   0.00000000     0.00742037   0.00000000    -0.00717140  -0.00886829
  0.00742037   0.00000000     0.29286427   0.00000000    -0.00717140  -0.00886829
 -0.00717140   0.00886829    -0.00717140   0.00886829     0.34745521   0.00000000
    1    2
 -0.07284352   0.07135872     0.18147590   0.05602700    -0.05841319   0.05533587
  0.18147590   0.05602700    -0.07284352   0.07135872    -0.05841319   0.05533587
 -0.05841319   0.05533587    -0.05841319   0.05533587    -0.09200923   0.06911436
    2    1
 -0.07284352  -0.07135872     0.18147590  -0.05602700    -0.05841319  -0.05533587
  0.18147590  -0.05602700    -0.07284352  -0.07135872    -0.05841319  -0.05533587
 -0.05841319  -0.05533587    -0.05841319  -0.05533587    -0.09200923  -0.06911436
    2    2
  0.29286427   0.00000000     0.00742037   0.00000000    -0.00717140   0.00886829
  0.00742037   0.00000000     0.29286427   0.00000000    -0.00717140   0.00886829
 -0.00717140  -0.00886829    -0.00717140  -0.00886829     0.34745521   0.00000000

     Dynamical  Matrix in cartesian axes

     q = (    0.750000000  -0.750000000   0.250000000 ) 

    1    1
  0.29286427   0.00000000    -0.00742037   0.00000000     0.00717140   0.00886829
 -0.00742037   0.00000000     0.29286427   0.00000000    -0.00717140  -0.00886829
  0.00717140  -0.00886829    -0.00717140   0.00886829     0.34745521   0.00000000
    1    2
 -0.07135872  -0.07284352     0.05602700  -0.18147590     0.05533587   0.05841319
  0.05602700  -0.18147590    -0.07135872  -0.07284352    -0.05533587  -0.05841319
  0.05533587   0.05841319    -0.05533587  -0.05841319    -0.06911436  -0.09200923
    2    1
 -0.07135872   0.07284352     0.05602700   0.18147590     0.05533587  -0.05841319
  0.05602700   0.18147590    -0.07135872   0.07284352    -0.05533587   0.05841319
  0.05533587  -0.05841319    -0.05533587   0.05841319    -0.06911436   0.09200923
    2    2
  0.29286427   0.00000000    -0.00742037   0.00000000     0.00717140  -0.00886829
 -0.00742037   0.00000000     0.29286427   0.00000000    -0.00717140   0.00886829
  0.00717140   0.00886829    -0.00717140  -0.00886829     0.34745521   0.00000000

     Dynamical  Matrix in cartesian axes

     q = (   -0.750000000  -0.750000000  -0.250000000 ) 

    1    1
  0.29286427   0.00000000     0.00742037   0.00000000     0.00717140   0.00886829
  0.00742037   0.00000000     0.29286427   0.00000000     0.00717140   0.00886829
  0.00717140  -0.00886829     0.00717140  -0.00886829     0.34745521   0.00000000
    1    2
 -0.07284352   0.07135872     0.18147590   0.05602700     0.05841319  -0.05533587
  0.18147590   0.05602700    -0.07284352   0.07135872     0.05841319  -0.05533587
  0.05841319  -0.05533587     0.05841319  -0.05533587    -0.09200923   0.06911436
    2    1
 -0.07284352  -0.07135872     0.18147590  -0.05602700     0.05841319   0.05533587
  0.18147590  -0.05602700    -0.07284352  -0.07135872     0.05841319   0.05533587
  0.05841319   0.05533587     0.05841319   0.05533587    -0.09200923  -0.06911436
    2    2
  0.29286427   0.00000000     0.00742037   0.00000000     0.00717140  -0.00886829
  0.00742037   0.00000000     0.29286427   0.00000000     0.00717140  -0.00886829
  0.00717140   0.00886829     0.00717140   0.00886829     0.34745521   0.00000000

     Dynamical  Matrix in cartesian axes

     q = (    0.250000000  -0.750000000   0.750000000 ) 

    1    1
  0.34745521   0.00000000    -0.00717140   0.00886829     0.00717140  -0.00886829
 -0.00717140  -0.00886829     0.29286427   0.00000000    -0.00742037   0.00000000
  0.00717140   0.00886829    -0.00742037   0.00000000     0.29286427   0.00000000
    1    2
 -0.09200923   0.06911436    -0.05841319   0.05533587     0.05841319  -0.05533587
 -0.05841319   0.05533587    -0.07284352   0.07135872    -0.18147590  -0.05602700
  0.05841319  -0.05533587    -0.18147590  -0.05602700    -0.07284352   0.07135872
    2    1
 -0.09200923  -0.06911436    -0.05841319  -0.05533587     0.05841319   0.05533587
 -0.05841319  -0.05533587    -0.07284352  -0.07135872    -0.18147590   0.05602700
  0.05841319   0.05533587    -0.18147590   0.05602700    -0.07284352  -0.07135872
    2    2
  0.34745521   0.00000000    -0.00717140  -0.00886829     0.00717140   0.00886829
 -0.00717140   0.00886829     0.29286427   0.00000000    -0.00742037   0.00000000
  0.00717140  -0.00886829    -0.00742037   0.00000000     0.29286427   0.00000000

     Dynamical  Matrix in cartesian axes

     q = (   -0.750000000  -0.750000000   0.250000000 ) 

    1    1
  0.29286427   0.00000000     0.00742037   0.00000000    -0.00717140   0.00886829
  0.00742037   0.00000000     0.29286427   0.00000000    -0.00717140   0.00886829
 -0.00717140  -0.00886829    -0.00717140  -0.00886829     0.34745521   0.00000000
    1    2
 -0.07284352  -0.07135872     0.18147590  -0.05602700    -0.05841319  -0.05533587
  0.18147590  -0.05602700    -0.07284352  -0.07135872    -0.05841319  -0.05533587
 -0.05841319  -0.05533587    -0.05841319  -0.05533587    -0.09200923  -0.06911436
    2    1
 -0.07284352   0.07135872     0.18147590   0.05602700    -0.05841319   0.05533587
  0.18147590   0.05602700    -0.07284352   0.07135872    -0.05841319   0.05533587
 -0.05841319   0.05533587    -0.05841319   0.05533587    -0.09200923   0.06911436
    2    2
  0.29286427   0.00000000     0.00742037   0.00000000    -0.00717140  -0.00886829
  0.00742037   0.00000000     0.29286427   0.00000000    -0.00717140  -0.00886829
 -0.00717140   0.00886829    -0.00717140   0.00886829     0.34745521   0.00000000

     Dynamical  Matrix in cartesian axes

     q = (    0.250000000   0.750000000   0.750000000 ) 

    1    1
  0.34745521   0.00000000     0.00717140   0.00886829     0.00717140   0.00886829
  0.00717140  -0.00886829     0.29286427   0.00000000     0.00742037   0.00000000
  0.00717140  -0.00886829     0.00742037   0.00000000     0.29286427   0.00000000
    1    2
 -0.06911436   0.09200923     0.05533587  -0.05841319     0.05533587  -0.05841319
  0.05533587  -0.05841319    -0.07135872   0.07284352    -0.05602700  -0.18147590
  0.05533587  -0.05841319    -0.05602700  -0.18147590    -0.07135872   0.07284352
    2    1
 -0.06911436  -0.09200923     0.05533587   0.05841319     0.05533587   0.05841319
  0.05533587   0.05841319    -0.07135872  -0.07284352    -0.05602700   0.18147590
  0.05533587   0.05841319    -0.05602700   0.18147590    -0.07135872  -0.07284352
    2    2
  0.34745521   0.00000000     0.00717140  -0.00886829     0.00717140  -0.00886829
  0.00717140   0.00886829     0.29286427   0.00000000     0.00742037   0.00000000
  0.00717140   0.00886829     0.00742037   0.00000000     0.29286427   0.00000000

     Dynamical  Matrix in cartesian axes

     q = (   -0.250000000  -0.750000000   0.750000000 ) 

    1    1
  0.34745521   0.00000000     0.00717140   0.00886829    -0.00717140  -0.00886829
  0.00717140  -0.00886829     0.29286427   0.00000000    -0.00742037   0.00000000
 -0.00717140   0.00886829    -0.00742037   0.00000000     0.29286427   0.00000000
    1    2
 -0.09200923  -0.06911436     0.05841319   0.05533587    -0.05841319  -0.05533587
  0.05841319   0.05533587    -0.07284352  -0.07135872    -0.18147590   0.05602700
 -0.05841319  -0.05533587    -0.18147590   0.05602700    -0.07284352  -0.07135872
    2    1
 -0.09200923   0.06911436     0.05841319  -0.05533587    -0.05841319   0.05533587
  0.05841319  -0.05533587    -0.07284352   0.07135872    -0.18147590  -0.05602700
 -0.05841319   0.05533587    -0.18147590  -0.05602700    -0.07284352   0.07135872
    2    2
  0.34745521   0.00000000     0.00717140  -0.00886829    -0.00717140   0.00886829
  0.00717140   0.00886829     0.29286427   0.00000000    -0.00742037   0.00000000
 -0.00717140  -0.00886829    -0.00742037   0.00000000     0.29286427   0.00000000

     Dynamical  Matrix in cartesian axes

     q = (    0.750000000   0.750000000   0.250000000 ) 

    1    1
  0.29286427   0.00000000     0.00742037   0.00000000     0.00717140  -0.00886829
  0.00742037   0.00000000     0.29286427   0.00000000     0.00717140  -0.00886829
  0.00717140   0.00886829     0.00717140   0.00886829     0.34745521   0.00000000
    1    2
 -0.07284352  -0.07135872     0.18147590  -0.05602700     0.05841319   0.05533587
  0.18147590  -0.05602700    -0.07284352  -0.07135872     0.05841319   0.05533587
  0.05841319   0.05533587     0.05841319   0.05533587    -0.09200923  -0.06911436
    2    1
 -0.07284352   0.07135872     0.18147590   0.05602700     0.05841319  -0.05533587
  0.18147590   0.05602700    -0.07284352   0.07135872     0.05841319  -0.05533587
  0.05841319  -0.05533587     0.05841319  -0.05533587    -0.09200923   0.06911436
    2    2
  0.29286427   0.00000000     0.00742037   0.00000000     0.00717140   0.00886829
  0.00742037   0.00000000     0.29286427   0.00000000     0.00717140   0.00886829
  0.00717140  -0.00886829     0.00717140  -0.00886829     0.34745521   0.00000000

     Dynamical  Matrix in cartesian axes

     q = (    0.250000000  -0.750000000  -0.750000000 ) 

    1    1
  0.34745521   0.00000000    -0.00717140  -0.00886829    -0.00717140  -0.00886829
 -0.00717140   0.00886829     0.29286427   0.00000000     0.00742037   0.00000000
 -0.00717140   0.00886829     0.00742037   0.00000000     0.29286427   0.00000000
    1    2
  0.09200923   0.06911436     0.05841319   0.05533587     0.05841319   0.05533587
  0.05841319   0.05533587     0.07284352   0.07135872    -0.18147590   0.05602700
  0.05841319   0.05533587    -0.18147590   0.05602700     0.07284352   0.07135872
    2    1
  0.09200923  -0.06911436     0.05841319  -0.05533587     0.05841319  -0.05533587
  0.05841319  -0.05533587     0.07284352  -0.07135872    -0.18147590  -0.05602700
  0.05841319  -0.05533587    -0.18147590  -0.05602700     0.07284352  -0.07135872
    2    2
  0.34745521   0.00000000    -0.00717140   0.00886829    -0.00717140   0.00886829
 -0.00717140  -0.00886829     0.29286427   0.00000000     0.00742037   0.00000000
 -0.00717140  -0.00886829     0.00742037   0.00000000     0.29286427   0.00000000

     Dynamical  Matrix in cartesian axes

     q = (    0.750000000  -0.750000000  -0.250000000 ) 

    1    1
  0.29286427   0.00000000    -0.00742037   0.00000000    -0.00717140   0.00886829
 -0.00742037   0.00000000     0.29286427   0.00000000     0.00717140  -0.00886829
 -0.00717140  -0.00886829     0.00717140   0.00886829     0.34745521   0.00000000
    1    2
  0.07284352   0.07135872     0.18147590  -0.05602700     0.05841319   0.05533587
  0.18147590  -0.05602700     0.07284352   0.07135872    -0.05841319  -0.05533587
  0.05841319   0.05533587    -0.05841319  -0.05533587     0.09200923   0.06911436
    2    1
  0.07284352  -0.07135872     0.18147590   0.05602700     0.05841319  -0.05533587
  0.18147590   0.05602700     0.07284352  -0.07135872    -0.05841319   0.05533587
  0.05841319  -0.05533587    -0.05841319   0.05533587     0.09200923  -0.06911436
    2    2
  0.29286427   0.00000000    -0.00742037   0.00000000    -0.00717140  -0.00886829
 -0.00742037   0.00000000     0.29286427   0.00000000     0.00717140   0.00886829
 -0.00717140   0.00886829     0.00717140  -0.00886829     0.34745521   0.00000000

     Diagonalizing the dynamical matrix

     q = (    0.750000000  -0.250000000   0.750000000 ) 

 **************************************************************************
     freq (    1) =       3.600597 [THz] =     120.102979 [cm-1]
 (  0.499094 -0.030088 -0.000000  0.000000 -0.499094  0.030088 ) 
 (  0.500000 -0.000000 -0.000000  0.000000 -0.500000  0.000000 ) 
     freq (    2) =       5.630539 [THz] =     187.814550 [cm-1]
 (  0.200867  0.376907 -0.150412  0.335506  0.200867  0.376907 ) 
 ( -0.427090  0.000000 -0.225342  0.290531 -0.427090  0.000000 ) 
     freq (    3) =      10.008653 [THz] =     333.852718 [cm-1]
 (  0.256335 -0.160586 -0.458525 -0.326748  0.256335 -0.160586 ) 
 ( -0.302482 -0.000000  0.215103 -0.520326 -0.302482  0.000000 ) 
     freq (    4) =      13.250770 [THz] =     441.998096 [cm-1]
 ( -0.299134  0.008294  0.420098  0.380024 -0.299134  0.008294 ) 
 ( -0.299249 -0.000000  0.409403 -0.391522 -0.299249  0.000000 ) 
     freq (    5) =      15.113194 [THz] =     504.121885 [cm-1]
 (  0.499094 -0.030088  0.000000  0.000000 -0.499094  0.030088 ) 
 ( -0.500000 -0.000000  0.000000 -0.000000  0.500000  0.000000 ) 
     freq (    6) =      15.500755 [THz] =     517.049522 [cm-1]
 (  0.199742  0.310888 -0.208975  0.428057  0.199742  0.310888 ) 
 (  0.369525  0.000000  0.247174 -0.407196  0.369525  0.000000 ) 
 **************************************************************************
