Dynamical matrix file
Phonons of Si                                                              
  1    2   2  10.0213000   0.0000000   0.0000000   0.0000000   0.0000000   0.0000000
           1  'Si  '    25598.3672898282     
    1    1      0.0000000000      0.0000000000      0.0000000000
    2    1     -0.2500000000      0.2500000000      0.2500000000

     Dynamical  Matrix in cartesian axes

     q = (   -0.250000000   0.250000000  -0.250000000 ) 

    1    1
  0.31605811   0.00000000    -0.01261426   0.00000000     0.01261426   0.00000000
 -0.01261426   0.00000000     0.31605811   0.00000000    -0.01261426   0.00000000
  0.01261426   0.00000000    -0.01261426   0.00000000     0.31605811   0.00000000
    1    2
 -0.23375620   0.06876602    -0.05343241  -0.05438351     0.05343241   0.05438351
 -0.05343241  -0.05438351    -0.23375620   0.06876602    -0.05343241  -0.05438351
  0.05343241   0.05438351    -0.05343241  -0.05438351    -0.23375620   0.06876602
    2    1
 -0.23375620  -0.06876602    -0.05343241   0.05438351     0.05343241  -0.05438351
 -0.05343241   0.05438351    -0.23375620  -0.06876602    -0.05343241   0.05438351
  0.05343241  -0.05438351    -0.05343241   0.05438351    -0.23375620  -0.06876602
    2    2
  0.31605811   0.00000000    -0.01261426   0.00000000     0.01261426   0.00000000
 -0.01261426   0.00000000     0.31605811   0.00000000    -0.01261426   0.00000000
  0.01261426   0.00000000    -0.01261426   0.00000000     0.31605811   0.00000000

     Dynamical  Matrix in cartesian axes

     q = (    0.250000000  -0.250000000  -0.250000000 ) 

    1    1
  0.31605811   0.00000000    -0.01261426   0.00000000    -0.01261426   0.00000000
 -0.01261426   0.00000000     0.31605811   0.00000000     0.01261426   0.00000000
 -0.01261426   0.00000000     0.01261426   0.00000000     0.31605811   0.00000000
    1    2
 -0.06876602  -0.23375620     0.05438351  -0.05343241     0.05438351  -0.05343241
  0.05438351  -0.05343241    -0.06876602  -0.23375620    -0.05438351   0.05343241
  0.05438351  -0.05343241    -0.05438351   0.05343241    -0.06876602  -0.23375620
    2    1
 -0.06876602   0.23375620     0.05438351   0.05343241     0.05438351   0.05343241
  0.05438351   0.05343241    -0.06876602   0.23375620    -0.05438351  -0.05343241
  0.05438351   0.05343241    -0.05438351  -0.05343241    -0.06876602   0.23375620
    2    2
  0.31605811   0.00000000    -0.01261426   0.00000000    -0.01261426   0.00000000
 -0.01261426   0.00000000     0.31605811   0.00000000     0.01261426   0.00000000
 -0.01261426   0.00000000     0.01261426   0.00000000     0.31605811   0.00000000

     Dynamical  Matrix in cartesian axes

     q = (    0.250000000  -0.250000000   0.250000000 ) 

    1    1
  0.31605811   0.00000000    -0.01261426   0.00000000     0.01261426   0.00000000
 -0.01261426   0.00000000     0.31605811   0.00000000    -0.01261426   0.00000000
  0.01261426   0.00000000    -0.01261426   0.00000000     0.31605811   0.00000000
    1    2
 -0.23375620  -0.06876602    -0.05343241   0.05438351     0.05343241  -0.05438351
 -0.05343241   0.05438351    -0.23375620  -0.06876602    -0.05343241   0.05438351
  0.05343241  -0.05438351    -0.05343241   0.05438351    -0.23375620  -0.06876602
    2    1
 -0.23375620   0.06876602    -0.05343241  -0.05438351     0.05343241   0.05438351
 -0.05343241  -0.05438351    -0.23375620   0.06876602    -0.05343241  -0.05438351
  0.05343241   0.05438351    -0.05343241  -0.05438351    -0.23375620   0.06876602
    2    2
  0.31605811   0.00000000    -0.01261426   0.00000000     0.01261426   0.00000000
 -0.01261426   0.00000000     0.31605811   0.00000000    -0.01261426   0.00000000
  0.01261426   0.00000000    -0.01261426   0.00000000     0.31605811   0.00000000

     Dynamical  Matrix in cartesian axes

     q = (    0.250000000   0.250000000   0.250000000 ) 

    1    1
  0.31605811   0.00000000     0.01261426   0.00000000     0.01261426   0.00000000
  0.01261426   0.00000000     0.31605811   0.00000000     0.01261426   0.00000000
  0.01261426   0.00000000     0.01261426   0.00000000     0.31605811   0.00000000
    1    2
 -0.23375620   0.06876602     0.05343241   0.05438351     0.05343241   0.05438351
  0.05343241   0.05438351    -0.23375620   0.06876602     0.05343241   0.05438351
  0.05343241   0.05438351     0.05343241   0.05438351    -0.23375620   0.06876602
    2    1
 -0.23375620  -0.06876602     0.05343241  -0.05438351     0.05343241  -0.05438351
  0.05343241  -0.05438351    -0.23375620  -0.06876602     0.05343241  -0.05438351
  0.05343241  -0.05438351     0.05343241  -0.05438351    -0.23375620  -0.06876602
    2    2
  0.31605811   0.00000000     0.01261426   0.00000000     0.01261426   0.00000000
  0.01261426   0.00000000     0.31605811   0.00000000     0.01261426   0.00000000
  0.01261426   0.00000000     0.01261426   0.00000000     0.31605811   0.00000000

     Dynamical  Matrix in cartesian axes

     q = (   -0.250000000  -0.250000000  -0.250000000 ) 

    1    1
  0.31605811   0.00000000     0.01261426   0.00000000     0.01261426   0.00000000
  0.01261426   0.00000000     0.31605811   0.00000000     0.01261426   0.00000000
  0.01261426   0.00000000     0.01261426   0.00000000     0.31605811   0.00000000
    1    2
 -0.23375620  -0.06876602     0.05343241  -0.05438351     0.05343241  -0.05438351
  0.05343241  -0.05438351    -0.23375620  -0.06876602     0.05343241  -0.05438351
  0.05343241  -0.05438351     0.05343241  -0.05438351    -0.23375620  -0.06876602
    2    1
 -0.23375620   0.06876602     0.05343241   0.05438351     0.05343241   0.05438351
  0.05343241   0.05438351    -0.23375620   0.06876602     0.05343241   0.05438351
  0.05343241   0.05438351     0.05343241   0.05438351    -0.23375620   0.06876602
    2    2
  0.31605811   0.00000000     0.01261426   0.00000000     0.01261426   0.00000000
  0.01261426   0.00000000     0.31605811   0.00000000     0.01261426   0.00000000
  0.01261426   0.00000000     0.01261426   0.00000000     0.31605811   0.00000000

     Dynamical  Matrix in cartesian axes

     q = (   -0.250000000  -0.250000000   0.250000000 ) 

    1    1
  0.31605811   0.00000000     0.01261426   0.00000000    -0.01261426   0.00000000
  0.01261426   0.00000000     0.31605811   0.00000000    -0.01261426   0.00000000
 -0.01261426   0.00000000    -0.01261426   0.00000000     0.31605811   0.00000000
    1    2
 -0.23375620   0.06876602     0.05343241   0.05438351    -0.05343241  -0.05438351
  0.05343241   0.05438351    -0.23375620   0.06876602    -0.05343241  -0.05438351
 -0.05343241  -0.05438351    -0.05343241  -0.05438351    -0.23375620   0.06876602
    2    1
 -0.23375620  -0.06876602     0.05343241  -0.05438351    -0.05343241   0.05438351
  0.05343241  -0.05438351    -0.23375620  -0.06876602    -0.05343241   0.05438351
 -0.05343241   0.05438351    -0.05343241   0.05438351    -0.23375620  -0.06876602
    2    2
  0.31605811   0.00000000     0.01261426   0.00000000    -0.01261426   0.00000000
  0.01261426   0.00000000     0.31605811   0.00000000    -0.01261426   0.00000000
 -0.01261426   0.00000000    -0.01261426   0.00000000     0.31605811   0.00000000

     Dynamical  Matrix in cartesian axes

     q = (   -0.250000000   0.250000000   0.250000000 ) 

    1    1
  0.31605811   0.00000000    -0.01261426   0.00000000    -0.01261426   0.00000000
 -0.01261426   0.00000000     0.31605811   0.00000000     0.01261426   0.00000000
 -0.01261426   0.00000000     0.01261426   0.00000000     0.31605811   0.00000000
    1    2
 -0.06876602   0.23375620     0.05438351   0.05343241     0.05438351   0.05343241
  0.05438351   0.05343241    -0.06876602   0.23375620    -0.05438351  -0.05343241
  0.05438351   0.05343241    -0.05438351  -0.05343241    -0.06876602   0.23375620
    2    1
 -0.06876602  -0.23375620     0.05438351  -0.05343241     0.05438351  -0.05343241
  0.05438351  -0.05343241    -0.06876602  -0.23375620    -0.05438351   0.05343241
  0.05438351  -0.05343241    -0.05438351   0.05343241    -0.06876602  -0.23375620
    2    2
  0.31605811   0.00000000    -0.01261426   0.00000000    -0.01261426   0.00000000
 -0.01261426   0.00000000     0.31605811   0.00000000     0.01261426   0.00000000
 -0.01261426   0.00000000     0.01261426   0.00000000     0.31605811   0.00000000

     Dynamical  Matrix in cartesian axes

     q = (    0.250000000   0.250000000  -0.250000000 ) 

    1    1
  0.31605811   0.00000000     0.01261426   0.00000000    -0.01261426   0.00000000
  0.01261426   0.00000000     0.31605811   0.00000000    -0.01261426   0.00000000
 -0.01261426   0.00000000    -0.01261426   0.00000000     0.31605811   0.00000000
    1    2
 -0.23375620  -0.06876602     0.05343241  -0.05438351    -0.05343241   0.05438351
  0.05343241  -0.05438351    -0.23375620  -0.06876602    -0.05343241   0.05438351
 -0.05343241   0.05438351    -0.05343241   0.05438351    -0.23375620  -0.06876602
    2    1
 -0.23375620   0.06876602     0.05343241   0.05438351    -0.05343241  -0.05438351
  0.05343241   0.05438351    -0.23375620   0.06876602    -0.05343241  -0.05438351
 -0.05343241  -0.05438351    -0.05343241  -0.05438351    -0.23375620   0.06876602
    2    2
  0.31605811   0.00000000     0.01261426   0.00000000    -0.01261426   0.00000000
  0.01261426   0.00000000     0.31605811   0.00000000    -0.01261426   0.00000000
 -0.01261426   0.00000000    -0.01261426   0.00000000     0.31605811   0.00000000

     Diagonalizing the dynamical matrix

     q = (   -0.250000000   0.250000000  -0.250000000 ) 

 **************************************************************************
     freq (    1) =       2.592409 [THz] =      86.473466 [cm-1]
 ( -0.571738 -0.020912 -0.349450 -0.032045  0.222288 -0.011132 ) 
 ( -0.569977 -0.049483 -0.347410 -0.049483  0.222566  0.000000 ) 
     freq (    2) =       2.592409 [THz] =      86.473466 [cm-1]
 ( -0.073599  0.024385  0.458460 -0.002261  0.532060 -0.026646 ) 
 ( -0.074727  0.020673  0.458000  0.020673  0.532727  0.000000 ) 
     freq (    3) =       7.213422 [THz] =     240.613849 [cm-1]
 ( -0.237391  0.332133  0.237391 -0.332133 -0.237391  0.332133 ) 
 ( -0.408248  0.000000  0.408248  0.000000 -0.408248  0.000000 ) 
     freq (    4) =      15.380520 [THz] =     513.038921 [cm-1]
 ( -0.237391  0.332133  0.237391 -0.332133 -0.237391  0.332133 ) 
 (  0.408248 -0.000000 -0.408248 -0.000000  0.408248  0.000000 ) 
     freq (    5) =      15.807378 [THz] =     527.277381 [cm-1]
 (  0.221099 -0.149905 -0.330178 -0.122296 -0.551278  0.027608 ) 
 ( -0.228321  0.138658  0.323648  0.138658  0.551969  0.000000 ) 
     freq (    6) =      15.807378 [THz] =     527.277381 [cm-1]
 ( -0.262357 -0.439484 -0.093265 -0.447952  0.169092 -0.008468 ) 
 (  0.240046  0.452056  0.070742  0.452056 -0.169304  0.000000 ) 
 **************************************************************************
