Dynamical matrix file
Phonons of Si                                                              
  1    2   2  10.1941000   0.0000000   0.0000000   0.0000000   0.0000000   0.0000000
           1  'Si  '    25598.3672898282     
    1    1      0.0000000000      0.0000000000      0.0000000000
    2    1     -0.2500000000      0.2500000000      0.2500000000

     Dynamical  Matrix in cartesian axes

     q = (   -0.250000000   0.250000000  -0.250000000 ) 

    1    1
  0.28375873   0.00000000    -0.01173007   0.00000000     0.01173007   0.00000000
 -0.01173007   0.00000000     0.28375873   0.00000000    -0.01173007   0.00000000
  0.01173007   0.00000000    -0.01173007   0.00000000     0.28375873   0.00000000
    1    2
 -0.21080382   0.06146844    -0.04282081  -0.04412025     0.04282081   0.04412025
 -0.04282081  -0.04412025    -0.21080382   0.06146844    -0.04282081  -0.04412025
  0.04282081   0.04412025    -0.04282081  -0.04412025    -0.21080382   0.06146844
    2    1
 -0.21080382  -0.06146844    -0.04282081   0.04412025     0.04282081  -0.04412025
 -0.04282081   0.04412025    -0.21080382  -0.06146844    -0.04282081   0.04412025
  0.04282081  -0.04412025    -0.04282081   0.04412025    -0.21080382  -0.06146844
    2    2
  0.28375873   0.00000000    -0.01173007   0.00000000     0.01173007   0.00000000
 -0.01173007   0.00000000     0.28375873   0.00000000    -0.01173007   0.00000000
  0.01173007   0.00000000    -0.01173007   0.00000000     0.28375873   0.00000000

     Dynamical  Matrix in cartesian axes

     q = (    0.250000000  -0.250000000  -0.250000000 ) 

    1    1
  0.28375873   0.00000000    -0.01173007   0.00000000    -0.01173007   0.00000000
 -0.01173007   0.00000000     0.28375873   0.00000000     0.01173007   0.00000000
 -0.01173007   0.00000000     0.01173007   0.00000000     0.28375873   0.00000000
    1    2
 -0.06146844  -0.21080382     0.04412025  -0.04282081     0.04412025  -0.04282081
  0.04412025  -0.04282081    -0.06146844  -0.21080382    -0.04412025   0.04282081
  0.04412025  -0.04282081    -0.04412025   0.04282081    -0.06146844  -0.21080382
    2    1
 -0.06146844   0.21080382     0.04412025   0.04282081     0.04412025   0.04282081
  0.04412025   0.04282081    -0.06146844   0.21080382    -0.04412025  -0.04282081
  0.04412025   0.04282081    -0.04412025  -0.04282081    -0.06146844   0.21080382
    2    2
  0.28375873   0.00000000    -0.01173007   0.00000000    -0.01173007   0.00000000
 -0.01173007   0.00000000     0.28375873   0.00000000     0.01173007   0.00000000
 -0.01173007   0.00000000     0.01173007   0.00000000     0.28375873   0.00000000

     Dynamical  Matrix in cartesian axes

     q = (    0.250000000  -0.250000000   0.250000000 ) 

    1    1
  0.28375873   0.00000000    -0.01173007   0.00000000     0.01173007   0.00000000
 -0.01173007   0.00000000     0.28375873   0.00000000    -0.01173007   0.00000000
  0.01173007   0.00000000    -0.01173007   0.00000000     0.28375873   0.00000000
    1    2
 -0.21080382  -0.06146844    -0.04282081   0.04412025     0.04282081  -0.04412025
 -0.04282081   0.04412025    -0.21080382  -0.06146844    -0.04282081   0.04412025
  0.04282081  -0.04412025    -0.04282081   0.04412025    -0.21080382  -0.06146844
    2    1
 -0.21080382   0.06146844    -0.04282081  -0.04412025     0.04282081   0.04412025
 -0.04282081  -0.04412025    -0.21080382   0.06146844    -0.04282081  -0.04412025
  0.04282081   0.04412025    -0.04282081  -0.04412025    -0.21080382   0.06146844
    2    2
  0.28375873   0.00000000    -0.01173007   0.00000000     0.01173007   0.00000000
 -0.01173007   0.00000000     0.28375873   0.00000000    -0.01173007   0.00000000
  0.01173007   0.00000000    -0.01173007   0.00000000     0.28375873   0.00000000

     Dynamical  Matrix in cartesian axes

     q = (    0.250000000   0.250000000   0.250000000 ) 

    1    1
  0.28375873   0.00000000     0.01173007   0.00000000     0.01173007   0.00000000
  0.01173007   0.00000000     0.28375873   0.00000000     0.01173007   0.00000000
  0.01173007   0.00000000     0.01173007   0.00000000     0.28375873   0.00000000
    1    2
 -0.21080382   0.06146844     0.04282081   0.04412025     0.04282081   0.04412025
  0.04282081   0.04412025    -0.21080382   0.06146844     0.04282081   0.04412025
  0.04282081   0.04412025     0.04282081   0.04412025    -0.21080382   0.06146844
    2    1
 -0.21080382  -0.06146844     0.04282081  -0.04412025     0.04282081  -0.04412025
  0.04282081  -0.04412025    -0.21080382  -0.06146844     0.04282081  -0.04412025
  0.04282081  -0.04412025     0.04282081  -0.04412025    -0.21080382  -0.06146844
    2    2
  0.28375873   0.00000000     0.01173007   0.00000000     0.01173007   0.00000000
  0.01173007   0.00000000     0.28375873   0.00000000     0.01173007   0.00000000
  0.01173007   0.00000000     0.01173007   0.00000000     0.28375873   0.00000000

     Dynamical  Matrix in cartesian axes

     q = (   -0.250000000  -0.250000000  -0.250000000 ) 

    1    1
  0.28375873   0.00000000     0.01173007   0.00000000     0.01173007   0.00000000
  0.01173007   0.00000000     0.28375873   0.00000000     0.01173007   0.00000000
  0.01173007   0.00000000     0.01173007   0.00000000     0.28375873   0.00000000
    1    2
 -0.21080382  -0.06146844     0.04282081  -0.04412025     0.04282081  -0.04412025
  0.04282081  -0.04412025    -0.21080382  -0.06146844     0.04282081  -0.04412025
  0.04282081  -0.04412025     0.04282081  -0.04412025    -0.21080382  -0.06146844
    2    1
 -0.21080382   0.06146844     0.04282081   0.04412025     0.04282081   0.04412025
  0.04282081   0.04412025    -0.21080382   0.06146844     0.04282081   0.04412025
  0.04282081   0.04412025     0.04282081   0.04412025    -0.21080382   0.06146844
    2    2
  0.28375873   0.00000000     0.01173007   0.00000000     0.01173007   0.00000000
  0.01173007   0.00000000     0.28375873   0.00000000     0.01173007   0.00000000
  0.01173007   0.00000000     0.01173007   0.00000000     0.28375873   0.00000000

     Dynamical  Matrix in cartesian axes

     q = (   -0.250000000  -0.250000000   0.250000000 ) 

    1    1
  0.28375873   0.00000000     0.01173007   0.00000000    -0.01173007   0.00000000
  0.01173007   0.00000000     0.28375873   0.00000000    -0.01173007   0.00000000
 -0.01173007   0.00000000    -0.01173007   0.00000000     0.28375873   0.00000000
    1    2
 -0.21080382   0.06146844     0.04282081   0.04412025    -0.04282081  -0.04412025
  0.04282081   0.04412025    -0.21080382   0.06146844    -0.04282081  -0.04412025
 -0.04282081  -0.04412025    -0.04282081  -0.04412025    -0.21080382   0.06146844
    2    1
 -0.21080382  -0.06146844     0.04282081  -0.04412025    -0.04282081   0.04412025
  0.04282081  -0.04412025    -0.21080382  -0.06146844    -0.04282081   0.04412025
 -0.04282081   0.04412025    -0.04282081   0.04412025    -0.21080382  -0.06146844
    2    2
  0.28375873   0.00000000     0.01173007   0.00000000    -0.01173007   0.00000000
  0.01173007   0.00000000     0.28375873   0.00000000    -0.01173007   0.00000000
 -0.01173007   0.00000000    -0.01173007   0.00000000     0.28375873   0.00000000

     Dynamical  Matrix in cartesian axes

     q = (   -0.250000000   0.250000000   0.250000000 ) 

    1    1
  0.28375873   0.00000000    -0.01173007   0.00000000    -0.01173007   0.00000000
 -0.01173007   0.00000000     0.28375873   0.00000000     0.01173007   0.00000000
 -0.01173007   0.00000000     0.01173007   0.00000000     0.28375873   0.00000000
    1    2
 -0.06146844   0.21080382     0.04412025   0.04282081     0.04412025   0.04282081
  0.04412025   0.04282081    -0.06146844   0.21080382    -0.04412025  -0.04282081
  0.04412025   0.04282081    -0.04412025  -0.04282081    -0.06146844   0.21080382
    2    1
 -0.06146844  -0.21080382     0.04412025  -0.04282081     0.04412025  -0.04282081
  0.04412025  -0.04282081    -0.06146844  -0.21080382    -0.04412025   0.04282081
  0.04412025  -0.04282081    -0.04412025   0.04282081    -0.06146844  -0.21080382
    2    2
  0.28375873   0.00000000    -0.01173007   0.00000000    -0.01173007   0.00000000
 -0.01173007   0.00000000     0.28375873   0.00000000     0.01173007   0.00000000
 -0.01173007   0.00000000     0.01173007   0.00000000     0.28375873   0.00000000

     Dynamical  Matrix in cartesian axes

     q = (    0.250000000   0.250000000  -0.250000000 ) 

    1    1
  0.28375873   0.00000000     0.01173007   0.00000000    -0.01173007   0.00000000
  0.01173007   0.00000000     0.28375873   0.00000000    -0.01173007   0.00000000
 -0.01173007   0.00000000    -0.01173007   0.00000000     0.28375873   0.00000000
    1    2
 -0.21080382  -0.06146844     0.04282081  -0.04412025    -0.04282081   0.04412025
  0.04282081  -0.04412025    -0.21080382  -0.06146844    -0.04282081   0.04412025
 -0.04282081   0.04412025    -0.04282081   0.04412025    -0.21080382  -0.06146844
    2    1
 -0.21080382   0.06146844     0.04282081   0.04412025    -0.04282081  -0.04412025
  0.04282081   0.04412025    -0.21080382   0.06146844    -0.04282081  -0.04412025
 -0.04282081  -0.04412025    -0.04282081  -0.04412025    -0.21080382   0.06146844
    2    2
  0.28375873   0.00000000     0.01173007   0.00000000    -0.01173007   0.00000000
  0.01173007   0.00000000     0.28375873   0.00000000    -0.01173007   0.00000000
 -0.01173007   0.00000000    -0.01173007   0.00000000     0.28375873   0.00000000

     Diagonalizing the dynamical matrix

     q = (   -0.250000000   0.250000000  -0.250000000 ) 

 **************************************************************************
     freq (    1) =       2.744214 [THz] =      91.537125 [cm-1]
 (  0.514659 -0.206124  0.361751 -0.195665 -0.152908  0.010459 ) 
 (  0.527525 -0.170522  0.374261 -0.170522 -0.153265  0.000000 ) 
     freq (    2) =       2.744214 [THz] =      91.537125 [cm-1]
 (  0.157013  0.036322 -0.398325  0.074307 -0.555338  0.037986 ) 
 (  0.154168  0.046952 -0.402467  0.046952 -0.556636  0.000000 ) 
     freq (    3) =       6.883940 [THz] =     229.623530 [cm-1]
 (  0.261854 -0.313208 -0.261854  0.313208  0.261854 -0.313208 ) 
 (  0.408248 -0.000000 -0.408248 -0.000000  0.408248  0.000000 ) 
     freq (    4) =      14.573858 [THz] =     486.131565 [cm-1]
 (  0.261854 -0.313208 -0.261854  0.313208  0.261854 -0.313208 ) 
 ( -0.408248 -0.000000  0.408248 -0.000000 -0.408248  0.000000 ) 
     freq (    5) =      14.916374 [THz] =     497.556687 [cm-1]
 ( -0.430987  0.253310 -0.431174  0.253323 -0.000187  0.000013 ) 
 (  0.447269 -0.223309  0.447456 -0.223309  0.000188  0.000000 ) 
     freq (    6) =      14.916374 [THz] =     497.556687 [cm-1]
 (  0.288142 -0.019782 -0.287862  0.019617 -0.576004  0.039399 ) 
 ( -0.288821  0.000073  0.288530  0.000073  0.577350  0.000000 ) 
 **************************************************************************
