Dynamical matrix file
Phonons of Si                                                              
  1    2   2  10.1941000   0.0000000   0.0000000   0.0000000   0.0000000   0.0000000
           1  'Si  '    25598.3672898282     
    1    1      0.0000000000      0.0000000000      0.0000000000
    2    1     -0.2500000000      0.2500000000      0.2500000000

     Dynamical  Matrix in cartesian axes

     q = (    0.750000000  -0.250000000   0.750000000 ) 

    1    1
  0.25978813   0.00000000    -0.00638582  -0.00829143     0.00631171   0.00000000
 -0.00638582   0.00829143     0.31180578   0.00000000    -0.00638582   0.00829143
  0.00631171   0.00000000    -0.00638582  -0.00829143     0.25978813   0.00000000
    1    2
 -0.06497828   0.06372217    -0.04799471   0.04535163     0.14970257   0.04585138
 -0.04799471   0.04535163    -0.08409657   0.06183309    -0.04799471   0.04535163
  0.14970257   0.04585138    -0.04799471   0.04535163    -0.06497828   0.06372217
    2    1
 -0.06497828  -0.06372217    -0.04799471  -0.04535163     0.14970257  -0.04585138
 -0.04799471  -0.04535163    -0.08409657  -0.06183309    -0.04799471  -0.04535163
  0.14970257  -0.04585138    -0.04799471  -0.04535163    -0.06497828  -0.06372217
    2    2
  0.25978813   0.00000000    -0.00638582   0.00829143     0.00631171   0.00000000
 -0.00638582  -0.00829143     0.31180578   0.00000000    -0.00638582  -0.00829143
  0.00631171   0.00000000    -0.00638582   0.00829143     0.25978813   0.00000000

     Dynamical  Matrix in cartesian axes

     q = (    0.750000000  -0.250000000  -0.750000000 ) 

    1    1
  0.25978813   0.00000000    -0.00638582   0.00829143    -0.00631171   0.00000000
 -0.00638582  -0.00829143     0.31180578   0.00000000     0.00638582   0.00829143
 -0.00631171   0.00000000     0.00638582  -0.00829143     0.25978813   0.00000000
    1    2
  0.06497828   0.06372217     0.04799471   0.04535163     0.14970257  -0.04585138
  0.04799471   0.04535163     0.08409657   0.06183309    -0.04799471  -0.04535163
  0.14970257  -0.04585138    -0.04799471  -0.04535163     0.06497828   0.06372217
    2    1
  0.06497828  -0.06372217     0.04799471  -0.04535163     0.14970257   0.04585138
  0.04799471  -0.04535163     0.08409657  -0.06183309    -0.04799471   0.04535163
  0.14970257   0.04585138    -0.04799471   0.04535163     0.06497828  -0.06372217
    2    2
  0.25978813   0.00000000    -0.00638582  -0.00829143    -0.00631171   0.00000000
 -0.00638582   0.00829143     0.31180578   0.00000000     0.00638582  -0.00829143
 -0.00631171   0.00000000     0.00638582   0.00829143     0.25978813   0.00000000

     Dynamical  Matrix in cartesian axes

     q = (   -0.750000000  -0.250000000  -0.750000000 ) 

    1    1
  0.25978813   0.00000000     0.00638582   0.00829143     0.00631171   0.00000000
  0.00638582  -0.00829143     0.31180578   0.00000000     0.00638582  -0.00829143
  0.00631171   0.00000000     0.00638582   0.00829143     0.25978813   0.00000000
    1    2
 -0.06497828   0.06372217     0.04799471  -0.04535163     0.14970257   0.04585138
  0.04799471  -0.04535163    -0.08409657   0.06183309     0.04799471  -0.04535163
  0.14970257   0.04585138     0.04799471  -0.04535163    -0.06497828   0.06372217
    2    1
 -0.06497828  -0.06372217     0.04799471   0.04535163     0.14970257  -0.04585138
  0.04799471   0.04535163    -0.08409657  -0.06183309     0.04799471   0.04535163
  0.14970257  -0.04585138     0.04799471   0.04535163    -0.06497828  -0.06372217
    2    2
  0.25978813   0.00000000     0.00638582  -0.00829143     0.00631171   0.00000000
  0.00638582   0.00829143     0.31180578   0.00000000     0.00638582   0.00829143
  0.00631171   0.00000000     0.00638582  -0.00829143     0.25978813   0.00000000

     Dynamical  Matrix in cartesian axes

     q = (   -0.750000000  -0.250000000   0.750000000 ) 

    1    1
  0.25978813   0.00000000     0.00638582  -0.00829143    -0.00631171   0.00000000
  0.00638582   0.00829143     0.31180578   0.00000000    -0.00638582  -0.00829143
 -0.00631171   0.00000000    -0.00638582   0.00829143     0.25978813   0.00000000
    1    2
 -0.06372217   0.06497828     0.04535163  -0.04799471     0.04585138   0.14970257
  0.04535163  -0.04799471    -0.06183309   0.08409657    -0.04535163   0.04799471
  0.04585138   0.14970257    -0.04535163   0.04799471    -0.06372217   0.06497828
    2    1
 -0.06372217  -0.06497828     0.04535163   0.04799471     0.04585138  -0.14970257
  0.04535163   0.04799471    -0.06183309  -0.08409657    -0.04535163  -0.04799471
  0.04585138  -0.14970257    -0.04535163  -0.04799471    -0.06372217  -0.06497828
    2    2
  0.25978813   0.00000000     0.00638582   0.00829143    -0.00631171   0.00000000
  0.00638582  -0.00829143     0.31180578   0.00000000    -0.00638582   0.00829143
 -0.00631171   0.00000000    -0.00638582  -0.00829143     0.25978813   0.00000000

     Dynamical  Matrix in cartesian axes

     q = (   -0.750000000   0.250000000  -0.750000000 ) 

    1    1
  0.25978813   0.00000000    -0.00638582   0.00829143     0.00631171   0.00000000
 -0.00638582  -0.00829143     0.31180578   0.00000000    -0.00638582  -0.00829143
  0.00631171   0.00000000    -0.00638582   0.00829143     0.25978813   0.00000000
    1    2
 -0.06497828  -0.06372217    -0.04799471  -0.04535163     0.14970257  -0.04585138
 -0.04799471  -0.04535163    -0.08409657  -0.06183309    -0.04799471  -0.04535163
  0.14970257  -0.04585138    -0.04799471  -0.04535163    -0.06497828  -0.06372217
    2    1
 -0.06497828   0.06372217    -0.04799471   0.04535163     0.14970257   0.04585138
 -0.04799471   0.04535163    -0.08409657   0.06183309    -0.04799471   0.04535163
  0.14970257   0.04585138    -0.04799471   0.04535163    -0.06497828   0.06372217
    2    2
  0.25978813   0.00000000    -0.00638582  -0.00829143     0.00631171   0.00000000
 -0.00638582   0.00829143     0.31180578   0.00000000    -0.00638582   0.00829143
  0.00631171   0.00000000    -0.00638582  -0.00829143     0.25978813   0.00000000

     Dynamical  Matrix in cartesian axes

     q = (   -0.250000000   0.750000000  -0.750000000 ) 

    1    1
  0.31180578   0.00000000    -0.00638582  -0.00829143     0.00638582   0.00829143
 -0.00638582   0.00829143     0.25978813   0.00000000    -0.00631171   0.00000000
  0.00638582  -0.00829143    -0.00631171   0.00000000     0.25978813   0.00000000
    1    2
 -0.08409657  -0.06183309    -0.04799471  -0.04535163     0.04799471   0.04535163
 -0.04799471  -0.04535163    -0.06497828  -0.06372217    -0.14970257   0.04585138
  0.04799471   0.04535163    -0.14970257   0.04585138    -0.06497828  -0.06372217
    2    1
 -0.08409657   0.06183309    -0.04799471   0.04535163     0.04799471  -0.04535163
 -0.04799471   0.04535163    -0.06497828   0.06372217    -0.14970257  -0.04585138
  0.04799471  -0.04535163    -0.14970257  -0.04585138    -0.06497828   0.06372217
    2    2
  0.31180578   0.00000000    -0.00638582   0.00829143     0.00638582  -0.00829143
 -0.00638582  -0.00829143     0.25978813   0.00000000    -0.00631171   0.00000000
  0.00638582   0.00829143    -0.00631171   0.00000000     0.25978813   0.00000000

     Dynamical  Matrix in cartesian axes

     q = (   -0.750000000   0.750000000  -0.250000000 ) 

    1    1
  0.25978813   0.00000000    -0.00631171   0.00000000     0.00638582  -0.00829143
 -0.00631171   0.00000000     0.25978813   0.00000000    -0.00638582   0.00829143
  0.00638582   0.00829143    -0.00638582  -0.00829143     0.31180578   0.00000000
    1    2
 -0.06372217   0.06497828     0.04585138   0.14970257     0.04535163  -0.04799471
  0.04585138   0.14970257    -0.06372217   0.06497828    -0.04535163   0.04799471
  0.04535163  -0.04799471    -0.04535163   0.04799471    -0.06183309   0.08409657
    2    1
 -0.06372217  -0.06497828     0.04585138  -0.14970257     0.04535163   0.04799471
  0.04585138  -0.14970257    -0.06372217  -0.06497828    -0.04535163  -0.04799471
  0.04535163   0.04799471    -0.04535163  -0.04799471    -0.06183309  -0.08409657
    2    2
  0.25978813   0.00000000    -0.00631171   0.00000000     0.00638582   0.00829143
 -0.00631171   0.00000000     0.25978813   0.00000000    -0.00638582  -0.00829143
  0.00638582  -0.00829143    -0.00638582   0.00829143     0.31180578   0.00000000

     Dynamical  Matrix in cartesian axes

     q = (    0.750000000   0.250000000   0.750000000 ) 

    1    1
  0.25978813   0.00000000     0.00638582  -0.00829143     0.00631171   0.00000000
  0.00638582   0.00829143     0.31180578   0.00000000     0.00638582   0.00829143
  0.00631171   0.00000000     0.00638582  -0.00829143     0.25978813   0.00000000
    1    2
 -0.06497828  -0.06372217     0.04799471   0.04535163     0.14970257  -0.04585138
  0.04799471   0.04535163    -0.08409657  -0.06183309     0.04799471   0.04535163
  0.14970257  -0.04585138     0.04799471   0.04535163    -0.06497828  -0.06372217
    2    1
 -0.06497828   0.06372217     0.04799471  -0.04535163     0.14970257   0.04585138
  0.04799471  -0.04535163    -0.08409657   0.06183309     0.04799471  -0.04535163
  0.14970257   0.04585138     0.04799471  -0.04535163    -0.06497828   0.06372217
    2    2
  0.25978813   0.00000000     0.00638582   0.00829143     0.00631171   0.00000000
  0.00638582  -0.00829143     0.31180578   0.00000000     0.00638582  -0.00829143
  0.00631171   0.00000000     0.00638582   0.00829143     0.25978813   0.00000000

     Dynamical  Matrix in cartesian axes

     q = (   -0.750000000   0.250000000   0.750000000 ) 

    1    1
  0.25978813   0.00000000    -0.00638582  -0.00829143    -0.00631171   0.00000000
 -0.00638582   0.00829143     0.31180578   0.00000000     0.00638582  -0.00829143
 -0.00631171   0.00000000     0.00638582   0.00829143     0.25978813   0.00000000
    1    2
  0.06497828  -0.06372217     0.04799471  -0.04535163     0.14970257   0.04585138
  0.04799471  -0.04535163     0.08409657  -0.06183309    -0.04799471   0.04535163
  0.14970257   0.04585138    -0.04799471   0.04535163     0.06497828  -0.06372217
    2    1
  0.06497828   0.06372217     0.04799471   0.04535163     0.14970257  -0.04585138
  0.04799471   0.04535163     0.08409657   0.06183309    -0.04799471  -0.04535163
  0.14970257  -0.04585138    -0.04799471  -0.04535163     0.06497828   0.06372217
    2    2
  0.25978813   0.00000000    -0.00638582   0.00829143    -0.00631171   0.00000000
 -0.00638582  -0.00829143     0.31180578   0.00000000     0.00638582   0.00829143
 -0.00631171   0.00000000     0.00638582  -0.00829143     0.25978813   0.00000000

     Dynamical  Matrix in cartesian axes

     q = (    0.750000000   0.250000000  -0.750000000 ) 

    1    1
  0.25978813   0.00000000     0.00638582   0.00829143    -0.00631171   0.00000000
  0.00638582  -0.00829143     0.31180578   0.00000000    -0.00638582   0.00829143
 -0.00631171   0.00000000    -0.00638582  -0.00829143     0.25978813   0.00000000
    1    2
 -0.06372217  -0.06497828     0.04535163   0.04799471     0.04585138  -0.14970257
  0.04535163   0.04799471    -0.06183309  -0.08409657    -0.04535163  -0.04799471
  0.04585138  -0.14970257    -0.04535163  -0.04799471    -0.06372217  -0.06497828
    2    1
 -0.06372217   0.06497828     0.04535163  -0.04799471     0.04585138   0.14970257
  0.04535163  -0.04799471    -0.06183309   0.08409657    -0.04535163   0.04799471
  0.04585138   0.14970257    -0.04535163   0.04799471    -0.06372217   0.06497828
    2    2
  0.25978813   0.00000000     0.00638582  -0.00829143    -0.00631171   0.00000000
  0.00638582   0.00829143     0.31180578   0.00000000    -0.00638582  -0.00829143
 -0.00631171   0.00000000    -0.00638582   0.00829143     0.25978813   0.00000000

     Dynamical  Matrix in cartesian axes

     q = (   -0.750000000   0.750000000   0.250000000 ) 

    1    1
  0.25978813   0.00000000    -0.00631171   0.00000000    -0.00638582  -0.00829143
 -0.00631171   0.00000000     0.25978813   0.00000000     0.00638582   0.00829143
 -0.00638582   0.00829143     0.00638582  -0.00829143     0.31180578   0.00000000
    1    2
  0.06497828  -0.06372217     0.14970257   0.04585138     0.04799471  -0.04535163
  0.14970257   0.04585138     0.06497828  -0.06372217    -0.04799471   0.04535163
  0.04799471  -0.04535163    -0.04799471   0.04535163     0.08409657  -0.06183309
    2    1
  0.06497828   0.06372217     0.14970257  -0.04585138     0.04799471   0.04535163
  0.14970257  -0.04585138     0.06497828   0.06372217    -0.04799471  -0.04535163
  0.04799471   0.04535163    -0.04799471  -0.04535163     0.08409657   0.06183309
    2    2
  0.25978813   0.00000000    -0.00631171   0.00000000    -0.00638582   0.00829143
 -0.00631171   0.00000000     0.25978813   0.00000000     0.00638582  -0.00829143
 -0.00638582  -0.00829143     0.00638582   0.00829143     0.31180578   0.00000000

     Dynamical  Matrix in cartesian axes

     q = (   -0.250000000   0.750000000   0.750000000 ) 

    1    1
  0.31180578   0.00000000    -0.00638582   0.00829143    -0.00638582   0.00829143
 -0.00638582  -0.00829143     0.25978813   0.00000000     0.00631171   0.00000000
 -0.00638582  -0.00829143     0.00631171   0.00000000     0.25978813   0.00000000
    1    2
  0.08409657  -0.06183309     0.04799471  -0.04535163     0.04799471  -0.04535163
  0.04799471  -0.04535163     0.06497828  -0.06372217    -0.14970257  -0.04585138
  0.04799471  -0.04535163    -0.14970257  -0.04585138     0.06497828  -0.06372217
    2    1
  0.08409657   0.06183309     0.04799471   0.04535163     0.04799471   0.04535163
  0.04799471   0.04535163     0.06497828   0.06372217    -0.14970257   0.04585138
  0.04799471   0.04535163    -0.14970257   0.04585138     0.06497828   0.06372217
    2    2
  0.31180578   0.00000000    -0.00638582  -0.00829143    -0.00638582  -0.00829143
 -0.00638582   0.00829143     0.25978813   0.00000000     0.00631171   0.00000000
 -0.00638582   0.00829143     0.00631171   0.00000000     0.25978813   0.00000000

     Dynamical  Matrix in cartesian axes

     q = (    0.250000000   0.750000000  -0.750000000 ) 

    1    1
  0.31180578   0.00000000     0.00638582  -0.00829143    -0.00638582   0.00829143
  0.00638582   0.00829143     0.25978813   0.00000000    -0.00631171   0.00000000
 -0.00638582  -0.00829143    -0.00631171   0.00000000     0.25978813   0.00000000
    1    2
 -0.08409657   0.06183309     0.04799471  -0.04535163    -0.04799471   0.04535163
  0.04799471  -0.04535163    -0.06497828   0.06372217    -0.14970257  -0.04585138
 -0.04799471   0.04535163    -0.14970257  -0.04585138    -0.06497828   0.06372217
    2    1
 -0.08409657  -0.06183309     0.04799471   0.04535163    -0.04799471  -0.04535163
  0.04799471   0.04535163    -0.06497828  -0.06372217    -0.14970257   0.04585138
 -0.04799471  -0.04535163    -0.14970257   0.04585138    -0.06497828  -0.06372217
    2    2
  0.31180578   0.00000000     0.00638582   0.00829143    -0.00638582  -0.00829143
  0.00638582  -0.00829143     0.25978813   0.00000000    -0.00631171   0.00000000
 -0.00638582   0.00829143    -0.00631171   0.00000000     0.25978813   0.00000000

     Dynamical  Matrix in cartesian axes

     q = (   -0.250000000  -0.750000000  -0.750000000 ) 

    1    1
  0.31180578   0.00000000     0.00638582  -0.00829143     0.00638582  -0.00829143
  0.00638582   0.00829143     0.25978813   0.00000000     0.00631171   0.00000000
  0.00638582   0.00829143     0.00631171   0.00000000     0.25978813   0.00000000
    1    2
 -0.06183309  -0.08409657     0.04535163   0.04799471     0.04535163   0.04799471
  0.04535163   0.04799471    -0.06372217  -0.06497828    -0.04585138   0.14970257
  0.04535163   0.04799471    -0.04585138   0.14970257    -0.06372217  -0.06497828
    2    1
 -0.06183309   0.08409657     0.04535163  -0.04799471     0.04535163  -0.04799471
  0.04535163  -0.04799471    -0.06372217   0.06497828    -0.04585138  -0.14970257
  0.04535163  -0.04799471    -0.04585138  -0.14970257    -0.06372217   0.06497828
    2    2
  0.31180578   0.00000000     0.00638582   0.00829143     0.00638582   0.00829143
  0.00638582  -0.00829143     0.25978813   0.00000000     0.00631171   0.00000000
  0.00638582  -0.00829143     0.00631171   0.00000000     0.25978813   0.00000000

     Dynamical  Matrix in cartesian axes

     q = (    0.750000000   0.750000000  -0.250000000 ) 

    1    1
  0.25978813   0.00000000     0.00631171   0.00000000    -0.00638582  -0.00829143
  0.00631171   0.00000000     0.25978813   0.00000000    -0.00638582  -0.00829143
 -0.00638582   0.00829143    -0.00638582   0.00829143     0.31180578   0.00000000
    1    2
 -0.06497828   0.06372217     0.14970257   0.04585138    -0.04799471   0.04535163
  0.14970257   0.04585138    -0.06497828   0.06372217    -0.04799471   0.04535163
 -0.04799471   0.04535163    -0.04799471   0.04535163    -0.08409657   0.06183309
    2    1
 -0.06497828  -0.06372217     0.14970257  -0.04585138    -0.04799471  -0.04535163
  0.14970257  -0.04585138    -0.06497828  -0.06372217    -0.04799471  -0.04535163
 -0.04799471  -0.04535163    -0.04799471  -0.04535163    -0.08409657  -0.06183309
    2    2
  0.25978813   0.00000000     0.00631171   0.00000000    -0.00638582   0.00829143
  0.00631171   0.00000000     0.25978813   0.00000000    -0.00638582   0.00829143
 -0.00638582  -0.00829143    -0.00638582  -0.00829143     0.31180578   0.00000000

     Dynamical  Matrix in cartesian axes

     q = (    0.750000000  -0.750000000   0.250000000 ) 

    1    1
  0.25978813   0.00000000    -0.00631171   0.00000000     0.00638582   0.00829143
 -0.00631171   0.00000000     0.25978813   0.00000000    -0.00638582  -0.00829143
  0.00638582  -0.00829143    -0.00638582   0.00829143     0.31180578   0.00000000
    1    2
 -0.06372217  -0.06497828     0.04585138  -0.14970257     0.04535163   0.04799471
  0.04585138  -0.14970257    -0.06372217  -0.06497828    -0.04535163  -0.04799471
  0.04535163   0.04799471    -0.04535163  -0.04799471    -0.06183309  -0.08409657
    2    1
 -0.06372217   0.06497828     0.04585138   0.14970257     0.04535163  -0.04799471
  0.04585138   0.14970257    -0.06372217   0.06497828    -0.04535163   0.04799471
  0.04535163  -0.04799471    -0.04535163   0.04799471    -0.06183309   0.08409657
    2    2
  0.25978813   0.00000000    -0.00631171   0.00000000     0.00638582  -0.00829143
 -0.00631171   0.00000000     0.25978813   0.00000000    -0.00638582   0.00829143
  0.00638582   0.00829143    -0.00638582  -0.00829143     0.31180578   0.00000000

     Dynamical  Matrix in cartesian axes

     q = (   -0.750000000  -0.750000000  -0.250000000 ) 

    1    1
  0.25978813   0.00000000     0.00631171   0.00000000     0.00638582   0.00829143
  0.00631171   0.00000000     0.25978813   0.00000000     0.00638582   0.00829143
  0.00638582  -0.00829143     0.00638582  -0.00829143     0.31180578   0.00000000
    1    2
 -0.06497828   0.06372217     0.14970257   0.04585138     0.04799471  -0.04535163
  0.14970257   0.04585138    -0.06497828   0.06372217     0.04799471  -0.04535163
  0.04799471  -0.04535163     0.04799471  -0.04535163    -0.08409657   0.06183309
    2    1
 -0.06497828  -0.06372217     0.14970257  -0.04585138     0.04799471   0.04535163
  0.14970257  -0.04585138    -0.06497828  -0.06372217     0.04799471   0.04535163
  0.04799471   0.04535163     0.04799471   0.04535163    -0.08409657  -0.06183309
    2    2
  0.25978813   0.00000000     0.00631171   0.00000000     0.00638582  -0.00829143
  0.00631171   0.00000000     0.25978813   0.00000000     0.00638582  -0.00829143
  0.00638582   0.00829143     0.00638582   0.00829143     0.31180578   0.00000000

     Dynamical  Matrix in cartesian axes

     q = (    0.250000000  -0.750000000   0.750000000 ) 

    1    1
  0.31180578   0.00000000    -0.00638582   0.00829143     0.00638582  -0.00829143
 -0.00638582  -0.00829143     0.25978813   0.00000000    -0.00631171   0.00000000
  0.00638582   0.00829143    -0.00631171   0.00000000     0.25978813   0.00000000
    1    2
 -0.08409657   0.06183309    -0.04799471   0.04535163     0.04799471  -0.04535163
 -0.04799471   0.04535163    -0.06497828   0.06372217    -0.14970257  -0.04585138
  0.04799471  -0.04535163    -0.14970257  -0.04585138    -0.06497828   0.06372217
    2    1
 -0.08409657  -0.06183309    -0.04799471  -0.04535163     0.04799471   0.04535163
 -0.04799471  -0.04535163    -0.06497828  -0.06372217    -0.14970257   0.04585138
  0.04799471   0.04535163    -0.14970257   0.04585138    -0.06497828  -0.06372217
    2    2
  0.31180578   0.00000000    -0.00638582  -0.00829143     0.00638582   0.00829143
 -0.00638582   0.00829143     0.25978813   0.00000000    -0.00631171   0.00000000
  0.00638582  -0.00829143    -0.00631171   0.00000000     0.25978813   0.00000000

     Dynamical  Matrix in cartesian axes

     q = (   -0.750000000  -0.750000000   0.250000000 ) 

    1    1
  0.25978813   0.00000000     0.00631171   0.00000000    -0.00638582   0.00829143
  0.00631171   0.00000000     0.25978813   0.00000000    -0.00638582   0.00829143
 -0.00638582  -0.00829143    -0.00638582  -0.00829143     0.31180578   0.00000000
    1    2
 -0.06497828  -0.06372217     0.14970257  -0.04585138    -0.04799471  -0.04535163
  0.14970257  -0.04585138    -0.06497828  -0.06372217    -0.04799471  -0.04535163
 -0.04799471  -0.04535163    -0.04799471  -0.04535163    -0.08409657  -0.06183309
    2    1
 -0.06497828   0.06372217     0.14970257   0.04585138    -0.04799471   0.04535163
  0.14970257   0.04585138    -0.06497828   0.06372217    -0.04799471   0.04535163
 -0.04799471   0.04535163    -0.04799471   0.04535163    -0.08409657   0.06183309
    2    2
  0.25978813   0.00000000     0.00631171   0.00000000    -0.00638582  -0.00829143
  0.00631171   0.00000000     0.25978813   0.00000000    -0.00638582  -0.00829143
 -0.00638582   0.00829143    -0.00638582   0.00829143     0.31180578   0.00000000

     Dynamical  Matrix in cartesian axes

     q = (    0.250000000   0.750000000   0.750000000 ) 

    1    1
  0.31180578   0.00000000     0.00638582   0.00829143     0.00638582   0.00829143
  0.00638582  -0.00829143     0.25978813   0.00000000     0.00631171   0.00000000
  0.00638582  -0.00829143     0.00631171   0.00000000     0.25978813   0.00000000
    1    2
 -0.06183309   0.08409657     0.04535163  -0.04799471     0.04535163  -0.04799471
  0.04535163  -0.04799471    -0.06372217   0.06497828    -0.04585138  -0.14970257
  0.04535163  -0.04799471    -0.04585138  -0.14970257    -0.06372217   0.06497828
    2    1
 -0.06183309  -0.08409657     0.04535163   0.04799471     0.04535163   0.04799471
  0.04535163   0.04799471    -0.06372217  -0.06497828    -0.04585138   0.14970257
  0.04535163   0.04799471    -0.04585138   0.14970257    -0.06372217  -0.06497828
    2    2
  0.31180578   0.00000000     0.00638582  -0.00829143     0.00638582  -0.00829143
  0.00638582   0.00829143     0.25978813   0.00000000     0.00631171   0.00000000
  0.00638582   0.00829143     0.00631171   0.00000000     0.25978813   0.00000000

     Dynamical  Matrix in cartesian axes

     q = (   -0.250000000  -0.750000000   0.750000000 ) 

    1    1
  0.31180578   0.00000000     0.00638582   0.00829143    -0.00638582  -0.00829143
  0.00638582  -0.00829143     0.25978813   0.00000000    -0.00631171   0.00000000
 -0.00638582   0.00829143    -0.00631171   0.00000000     0.25978813   0.00000000
    1    2
 -0.08409657  -0.06183309     0.04799471   0.04535163    -0.04799471  -0.04535163
  0.04799471   0.04535163    -0.06497828  -0.06372217    -0.14970257   0.04585138
 -0.04799471  -0.04535163    -0.14970257   0.04585138    -0.06497828  -0.06372217
    2    1
 -0.08409657   0.06183309     0.04799471  -0.04535163    -0.04799471   0.04535163
  0.04799471  -0.04535163    -0.06497828   0.06372217    -0.14970257  -0.04585138
 -0.04799471   0.04535163    -0.14970257  -0.04585138    -0.06497828   0.06372217
    2    2
  0.31180578   0.00000000     0.00638582  -0.00829143    -0.00638582   0.00829143
  0.00638582   0.00829143     0.25978813   0.00000000    -0.00631171   0.00000000
 -0.00638582  -0.00829143    -0.00631171   0.00000000     0.25978813   0.00000000

     Dynamical  Matrix in cartesian axes

     q = (    0.750000000   0.750000000   0.250000000 ) 

    1    1
  0.25978813   0.00000000     0.00631171   0.00000000     0.00638582  -0.00829143
  0.00631171   0.00000000     0.25978813   0.00000000     0.00638582  -0.00829143
  0.00638582   0.00829143     0.00638582   0.00829143     0.31180578   0.00000000
    1    2
 -0.06497828  -0.06372217     0.14970257  -0.04585138     0.04799471   0.04535163
  0.14970257  -0.04585138    -0.06497828  -0.06372217     0.04799471   0.04535163
  0.04799471   0.04535163     0.04799471   0.04535163    -0.08409657  -0.06183309
    2    1
 -0.06497828   0.06372217     0.14970257   0.04585138     0.04799471  -0.04535163
  0.14970257   0.04585138    -0.06497828   0.06372217     0.04799471  -0.04535163
  0.04799471  -0.04535163     0.04799471  -0.04535163    -0.08409657   0.06183309
    2    2
  0.25978813   0.00000000     0.00631171   0.00000000     0.00638582   0.00829143
  0.00631171   0.00000000     0.25978813   0.00000000     0.00638582   0.00829143
  0.00638582  -0.00829143     0.00638582  -0.00829143     0.31180578   0.00000000

     Dynamical  Matrix in cartesian axes

     q = (    0.250000000  -0.750000000  -0.750000000 ) 

    1    1
  0.31180578   0.00000000    -0.00638582  -0.00829143    -0.00638582  -0.00829143
 -0.00638582   0.00829143     0.25978813   0.00000000     0.00631171   0.00000000
 -0.00638582   0.00829143     0.00631171   0.00000000     0.25978813   0.00000000
    1    2
  0.08409657   0.06183309     0.04799471   0.04535163     0.04799471   0.04535163
  0.04799471   0.04535163     0.06497828   0.06372217    -0.14970257   0.04585138
  0.04799471   0.04535163    -0.14970257   0.04585138     0.06497828   0.06372217
    2    1
  0.08409657  -0.06183309     0.04799471  -0.04535163     0.04799471  -0.04535163
  0.04799471  -0.04535163     0.06497828  -0.06372217    -0.14970257  -0.04585138
  0.04799471  -0.04535163    -0.14970257  -0.04585138     0.06497828  -0.06372217
    2    2
  0.31180578   0.00000000    -0.00638582   0.00829143    -0.00638582   0.00829143
 -0.00638582  -0.00829143     0.25978813   0.00000000     0.00631171   0.00000000
 -0.00638582  -0.00829143     0.00631171   0.00000000     0.25978813   0.00000000

     Dynamical  Matrix in cartesian axes

     q = (    0.750000000  -0.750000000  -0.250000000 ) 

    1    1
  0.25978813   0.00000000    -0.00631171   0.00000000    -0.00638582   0.00829143
 -0.00631171   0.00000000     0.25978813   0.00000000     0.00638582  -0.00829143
 -0.00638582  -0.00829143     0.00638582   0.00829143     0.31180578   0.00000000
    1    2
  0.06497828   0.06372217     0.14970257  -0.04585138     0.04799471   0.04535163
  0.14970257  -0.04585138     0.06497828   0.06372217    -0.04799471  -0.04535163
  0.04799471   0.04535163    -0.04799471  -0.04535163     0.08409657   0.06183309
    2    1
  0.06497828  -0.06372217     0.14970257   0.04585138     0.04799471  -0.04535163
  0.14970257   0.04585138     0.06497828  -0.06372217    -0.04799471   0.04535163
  0.04799471  -0.04535163    -0.04799471   0.04535163     0.08409657  -0.06183309
    2    2
  0.25978813   0.00000000    -0.00631171   0.00000000    -0.00638582  -0.00829143
 -0.00631171   0.00000000     0.25978813   0.00000000     0.00638582   0.00829143
 -0.00638582   0.00829143     0.00638582  -0.00829143     0.31180578   0.00000000

     Diagonalizing the dynamical matrix

     q = (    0.750000000  -0.250000000   0.750000000 ) 

 **************************************************************************
     freq (    1) =       4.011101 [THz] =     133.795914 [cm-1]
 (  0.498277 -0.041478  0.000000 -0.000000 -0.498277  0.041478 ) 
 (  0.500000  0.000000  0.000000 -0.000000 -0.500000  0.000000 ) 
     freq (    2) =       5.788647 [THz] =     193.088473 [cm-1]
 (  0.176917  0.385807 -0.152481  0.341257  0.176917  0.385807 ) 
 ( -0.424437 -0.000000 -0.246639  0.280849 -0.424437  0.000000 ) 
     freq (    3) =       9.539511 [THz] =     318.203822 [cm-1]
 (  0.278517 -0.131938 -0.421751 -0.363550  0.278517 -0.131938 ) 
 ( -0.308187  0.000000  0.225509 -0.509105 -0.308187  0.000000 ) 
     freq (    4) =      12.434785 [THz] =     414.779766 [cm-1]
 ( -0.314128 -0.048241  0.372885  0.398684 -0.314128 -0.048241 ) 
 ( -0.317811  0.000000  0.429081 -0.337464 -0.317811  0.000000 ) 
     freq (    5) =      14.080203 [THz] =     469.665029 [cm-1]
 (  0.498277 -0.041478 -0.000000 -0.000000 -0.498277  0.041478 ) 
 ( -0.500000  0.000000  0.000000  0.000000  0.500000  0.000000 ) 
     freq (    6) =      14.475690 [THz] =     482.857058 [cm-1]
 (  0.173580  0.306171 -0.216477  0.453207  0.173580  0.306171 ) 
 (  0.351952 -0.000000  0.287490 -0.411836  0.351952  0.000000 ) 
 **************************************************************************
